0.24       79.69  2.99
0.30       81.7   6.22
0.31       78.18  4.74
0.34       83.8   3.66
0.35       82.7   9.1
0.36       79.94  3.38
0.38       81.5   1.9
0.4        82.04  2.03
0.43       86.45  3.97
0.44       82.6   7.8   
0.44       84.81  1.83
0.48       87.79  2.03
0.51       90.4   1.9
0.52       94.35  2.64
0.56       93.34  2.3
0.57       87.6   7.8
0.57       96.8   3.4
0.59       98.48  3.18
0.6        87.9   6.1
0.61       97.3   2.1
0.64       98.82  2.98
0.73       97.3   7
2.3        224    8.6
2.33       224    8
2.34       222    8.5
2.36       226    9.3