0.001000 0.649605 0.083080
0.020000 0.364550 0.047036
0.020010 0.365722 0.062824
0.020030 0.417209 0.046457
0.067000 0.365398 0.055678
0.100000 0.252519 0.162213
0.100010 0.386435 0.037501
0.100020 0.329241 0.128753
0.150000 0.385186 0.149496
0.170000 0.577594 0.062941
0.180000 0.363661 0.087700
0.250000 0.446339 0.060106
0.250010 0.472116 0.057157
0.300000 0.487452 0.054099
0.310000 0.462325 0.095566
0.320000 0.437281 0.088928
0.320010 0.443504 0.101516
0.320020 0.451411 0.056996
0.350000 0.463667 0.048689
0.350010 0.437579 0.089133
0.360000 0.459740 0.098963
0.370000 0.457993 0.038601
0.370010 0.407533 0.059180
0.380000 0.421158 0.059953
0.380010 0.481372 0.046687
0.380020 0.470815 0.052654
0.400000 0.422890 0.040248
0.400010 0.462278 0.088167
0.440000 0.447912 0.080078
0.440010 0.447647 0.077929
0.480000 0.459341 0.066169
0.500000 0.469727 0.043143
0.510000 0.460463 0.037597
0.510010 0.461773 0.049071
0.520000 0.452086 0.065314
0.560000 0.471462 0.066019
0.570000 0.489536 0.045169
0.570010 0.456479 0.028025
0.590000 0.481591 0.060662
0.590010 0.464340 0.063453
0.600000 0.530126 0.064477
0.600010 0.461554 0.064902
0.600020 0.467780 0.122785
0.600030 0.502721 0.121516
0.610000 0.494465 0.033771
0.610010 0.507953 0.043751
0.640000 0.471854 0.071780
0.727000 0.489826 0.075618
0.730000 0.472553 0.072124
0.760000 0.451191 0.040775
0.770000 0.440301 0.180930
0.800000 0.451111 0.082214
0.850000 0.450024 0.107564
0.860000 0.416651 0.098450
0.860010 0.392278 0.111135
0.978000 0.412010 0.173725
1.050000 0.551310 0.080584
1.230000 0.457903 0.098567
1.400000 0.447481 0.119994
1.520000 0.417159 0.077171
1.520010 0.399642 0.081811
1.526000 0.422388 0.069064
1.944000 0.373495 0.103711
