0.001000 0.792034 0.086112
0.020000 0.374087 0.047162
0.020010 0.373484 0.065458
0.020030 0.330490 0.047009
0.067000 0.322969 0.054122
0.100000 0.387105 0.161544
0.100010 0.366246 0.038632
0.100020 0.463423 0.132468
0.150000 0.423256 0.144100
0.170000 0.362627 0.060904
0.180000 0.540707 0.087771
0.250000 0.394411 0.057723
0.250010 0.345436 0.059197
0.300000 0.419828 0.056537
0.310000 0.438565 0.097921
0.320000 0.391679 0.093430
0.320010 0.471876 0.100491
0.320020 0.508263 0.055988
0.350000 0.446176 0.050984
0.350010 0.458140 0.091185
0.360000 0.469118 0.095161
0.370000 0.459523 0.037463
0.370010 0.493231 0.058999
0.380000 0.462354 0.058011
0.380010 0.469566 0.045247
0.380020 0.470138 0.054191
0.400000 0.470774 0.040056
0.400010 0.473952 0.087337
0.440000 0.382758 0.078446
0.440010 0.448625 0.077555
0.480000 0.472160 0.064844
0.500000 0.450013 0.042732
0.510000 0.450826 0.037302
0.510010 0.481538 0.049685
0.520000 0.488328 0.064795
0.560000 0.477326 0.067770
0.570000 0.422843 0.045496
0.570010 0.495318 0.028506
0.590000 0.479608 0.061910
0.590010 0.435906 0.065654
0.600000 0.540661 0.064058
0.600010 0.453359 0.067057
0.600020 0.440802 0.119502
0.600030 0.415669 0.123497
0.610000 0.451354 0.033618
0.610010 0.426344 0.044086
0.640000 0.433733 0.067185
0.727000 0.372675 0.076260
0.730000 0.429808 0.072046
0.760000 0.429048 0.039379
0.770000 0.465679 0.176262
0.800000 0.467176 0.082780
0.850000 0.434237 0.108053
0.860000 0.405549 0.100886
0.860010 0.420703 0.110731
0.978000 0.476227 0.183686
1.050000 0.562537 0.080918
1.230000 0.456305 0.102605
1.400000 0.359659 0.115094
1.520000 0.414067 0.074698
1.520010 0.410721 0.076387
1.526000 0.333248 0.068728
1.944000 0.432963 0.106289
