0.001000 0.523734 0.084575
0.020000 0.342804 0.048631
0.020010 0.345602 0.064688
0.020030 0.401717 0.046154
0.067000 0.395307 0.054905
0.100000 0.485794 0.157252
0.100010 0.385762 0.035684
0.100020 0.327439 0.124448
0.150000 0.365394 0.147762
0.170000 0.522058 0.060318
0.180000 0.530554 0.092391
0.250000 0.356175 0.057819
0.250010 0.467715 0.062134
0.300000 0.466488 0.052650
0.310000 0.445687 0.097341
0.320000 0.438718 0.095853
0.320010 0.461466 0.099945
0.320020 0.485568 0.057269
0.350000 0.411099 0.048565
0.350010 0.487399 0.086080
0.360000 0.468003 0.097915
0.370000 0.458287 0.036728
0.370010 0.503412 0.059493
0.380000 0.488669 0.060123
0.380010 0.484908 0.044283
0.380020 0.449311 0.052118
0.400000 0.431119 0.040774
0.400010 0.456943 0.089102
0.440000 0.462506 0.081054
0.440010 0.465678 0.076262
0.480000 0.454748 0.068152
0.500000 0.471020 0.042839
0.510000 0.462035 0.038595
0.510010 0.448950 0.050139
0.520000 0.433505 0.062327
0.560000 0.446101 0.060784
0.570000 0.468796 0.044660
0.570010 0.498103 0.029320
0.590000 0.502637 0.061450
0.590010 0.443720 0.067008
0.600000 0.437499 0.063149
0.600010 0.450973 0.067120
0.600020 0.457390 0.116176
0.600030 0.325684 0.122148
0.610000 0.408473 0.034369
0.610010 0.445797 0.045230
0.640000 0.420120 0.070383
0.727000 0.483189 0.073468
0.730000 0.465105 0.072380
0.760000 0.477277 0.040251
0.770000 0.484752 0.176504
0.800000 0.442597 0.080344
0.850000 0.446267 0.110057
0.860000 0.367883 0.102809
0.860010 0.500622 0.108481
0.978000 0.389311 0.177594
1.050000 0.439970 0.081226
1.230000 0.481486 0.104690
1.400000 0.387615 0.113272
1.520000 0.404958 0.078013
1.520010 0.391246 0.079503
1.526000 0.261914 0.071610
1.944000 0.316252 0.105648
