0.001000 0.284326 0.086650
0.020000 0.317675 0.046937
0.020010 0.459497 0.064741
0.020030 0.294255 0.046232
0.067000 0.352645 0.054024
0.100000 0.506596 0.164718
0.100010 0.399823 0.039446
0.100020 0.491100 0.132056
0.150000 0.431362 0.144372
0.170000 0.561253 0.063284
0.180000 0.564291 0.089685
0.250000 0.333648 0.059068
0.250010 0.464608 0.059479
0.300000 0.477812 0.055084
0.310000 0.479030 0.096525
0.320000 0.592443 0.092637
0.320010 0.473464 0.098299
0.320020 0.485450 0.055531
0.350000 0.471993 0.051755
0.350010 0.516769 0.090904
0.360000 0.444340 0.098711
0.370000 0.460543 0.035886
0.370010 0.527594 0.057958
0.380000 0.442318 0.062279
0.380010 0.501792 0.045145
0.380020 0.464821 0.050138
0.400000 0.421724 0.040998
0.400010 0.471681 0.084707
0.440000 0.363629 0.079981
0.440010 0.459699 0.076745
0.480000 0.467327 0.065519
0.500000 0.452605 0.043158
0.510000 0.466555 0.038133
0.510010 0.461439 0.048737
0.520000 0.488527 0.064550
0.560000 0.455006 0.067854
0.570000 0.378288 0.044246
0.570010 0.477615 0.028810
0.590000 0.467600 0.061755
0.590010 0.484664 0.069006
0.600000 0.463184 0.060653
0.600010 0.476486 0.068743
0.600020 0.460851 0.119996
0.600030 0.322859 0.123524
0.610000 0.454536 0.032794
0.610010 0.464104 0.042461
0.640000 0.442633 0.068654
0.727000 0.286656 0.075981
0.730000 0.445266 0.069311
0.760000 0.460993 0.040552
0.770000 0.473255 0.180917
0.800000 0.468699 0.081368
0.850000 0.448535 0.107462
0.860000 0.440792 0.101805
0.860010 0.483865 0.108014
0.978000 0.498456 0.174836
1.050000 0.367571 0.081813
1.230000 0.396473 0.097045
1.400000 0.493290 0.115232
1.520000 0.410450 0.074128
1.520010 0.392348 0.077776
1.526000 0.257964 0.068936
1.944000 0.436631 0.107376
