0.001000 0.384551 0.084919
0.020000 0.324852 0.047013
0.020010 0.354670 0.063492
0.020030 0.385578 0.047284
0.067000 0.387835 0.052880
0.100000 0.449160 0.162644
0.100010 0.499150 0.039080
0.100020 0.441116 0.133061
0.150000 0.428627 0.145130
0.170000 0.481184 0.059950
0.180000 0.340658 0.089319
0.250000 0.495569 0.059826
0.250010 0.512868 0.059790
0.300000 0.445854 0.055178
0.310000 0.448985 0.096761
0.320000 0.410509 0.093751
0.320010 0.452858 0.098534
0.320020 0.486965 0.055198
0.350000 0.456974 0.048743
0.350010 0.408524 0.088197
0.360000 0.476566 0.096380
0.370000 0.457759 0.038105
0.370010 0.472751 0.059036
0.380000 0.452027 0.058986
0.380010 0.449032 0.046352
0.380020 0.461077 0.052914
0.400000 0.492111 0.042879
0.400010 0.448791 0.088200
0.440000 0.507516 0.085167
0.440010 0.467897 0.076948
0.480000 0.458128 0.066732
0.500000 0.522692 0.042840
0.510000 0.461532 0.038026
0.510010 0.474059 0.050396
0.520000 0.469869 0.066126
0.560000 0.461016 0.067638
0.570000 0.442115 0.046029
0.570010 0.404020 0.030757
0.590000 0.464885 0.063202
0.590010 0.460162 0.066198
0.600000 0.541192 0.064109
0.600010 0.477310 0.067838
0.600020 0.458802 0.123144
0.600030 0.371923 0.124472
0.610000 0.477367 0.033370
0.610010 0.506643 0.042935
0.640000 0.443708 0.071037
0.727000 0.324134 0.074498
0.730000 0.448624 0.071998
0.760000 0.467202 0.039275
0.770000 0.425349 0.182655
0.800000 0.462387 0.079442
0.850000 0.449911 0.109546
0.860000 0.441376 0.095607
0.860010 0.407793 0.109204
0.978000 0.477797 0.175644
1.050000 0.472873 0.082659
1.230000 0.433683 0.097656
1.400000 0.352835 0.116040
1.520000 0.419276 0.075838
1.520010 0.411013 0.078906
1.526000 0.359497 0.067929
1.944000 0.362489 0.105295
