0.001000 0.196156 0.086326
0.020000 0.408921 0.047849
0.020010 0.359499 0.064430
0.020030 0.472153 0.046435
0.067000 0.355751 0.055914
0.100000 0.373178 0.160740
0.100010 0.497105 0.038969
0.100020 0.431804 0.127555
0.150000 0.432924 0.143501
0.170000 0.460185 0.060926
0.180000 0.515906 0.090170
0.250000 0.655556 0.059395
0.250010 0.541500 0.062889
0.300000 0.420829 0.057617
0.310000 0.430590 0.098389
0.320000 0.587146 0.091848
0.320010 0.427118 0.102838
0.320020 0.448764 0.055696
0.350000 0.468763 0.049371
0.350010 0.477808 0.091488
0.360000 0.474040 0.097728
0.370000 0.460365 0.037085
0.370010 0.512879 0.057786
0.380000 0.473951 0.062183
0.380010 0.448098 0.043964
0.380020 0.444247 0.051761
0.400000 0.521072 0.041691
0.400010 0.447313 0.087225
0.440000 0.420810 0.078817
0.440010 0.460817 0.078734
0.480000 0.479884 0.067280
0.500000 0.476808 0.042782
0.510000 0.468422 0.036898
0.510010 0.476227 0.049293
0.520000 0.474741 0.065419
0.560000 0.480076 0.066076
0.570000 0.480187 0.046551
0.570010 0.452078 0.029451
0.590000 0.456918 0.060080
0.590010 0.450465 0.064270
0.600000 0.512082 0.063177
0.600010 0.445001 0.065381
0.600020 0.479439 0.121719
0.600030 0.495784 0.122201
0.610000 0.433958 0.034685
0.610010 0.455858 0.043760
0.640000 0.482598 0.067834
0.727000 0.329940 0.075973
0.730000 0.464541 0.070506
0.760000 0.508870 0.039148
0.770000 0.447488 0.183348
0.800000 0.467493 0.082003
0.850000 0.445852 0.109267
0.860000 0.466232 0.100324
0.860010 0.453940 0.110881
0.978000 0.540239 0.182858
1.050000 0.582483 0.082114
1.230000 0.500372 0.097318
1.400000 0.629226 0.114588
1.520000 0.418293 0.079580
1.520010 0.450717 0.080859
1.526000 0.391063 0.070389
1.944000 0.356410 0.106597
