0.001000 0.372098 0.083424
0.020000 0.414676 0.048494
0.020010 0.355442 0.065337
0.020030 0.254663 0.046919
0.067000 0.336317 0.054705
0.100000 0.354083 0.160560
0.100010 0.487235 0.036591
0.100020 0.446373 0.132692
0.150000 0.370165 0.144493
0.170000 0.485775 0.057684
0.180000 0.354642 0.090994
0.250000 0.270056 0.059819
0.250010 0.277400 0.061421
0.300000 0.475790 0.055325
0.310000 0.477412 0.095868
0.320000 0.497557 0.091748
0.320010 0.450090 0.101005
0.320020 0.462311 0.053440
0.350000 0.462521 0.049719
0.350010 0.482336 0.089009
0.360000 0.457008 0.098096
0.370000 0.460811 0.037325
0.370010 0.379326 0.058055
0.380000 0.468691 0.062623
0.380010 0.445741 0.043990
0.380020 0.449260 0.052384
0.400000 0.504235 0.043211
0.400010 0.468377 0.089505
0.440000 0.490490 0.083195
0.440010 0.462374 0.075125
0.480000 0.450002 0.065583
0.500000 0.463085 0.042508
0.510000 0.469601 0.038315
0.510010 0.474974 0.047914
0.520000 0.495092 0.065220
0.560000 0.449060 0.066575
0.570000 0.514995 0.045494
0.570010 0.483493 0.029236
0.590000 0.476450 0.060539
0.590010 0.456688 0.064878
0.600000 0.487387 0.063726
0.600010 0.435449 0.069874
0.600020 0.441562 0.121023
0.600030 0.584533 0.120405
0.610000 0.458928 0.033462
0.610010 0.377698 0.042460
0.640000 0.486008 0.072014
0.727000 0.622480 0.077824
0.730000 0.417318 0.070080
0.760000 0.477857 0.041398
0.770000 0.440047 0.180793
0.800000 0.418791 0.080208
0.850000 0.444739 0.111181
0.860000 0.466381 0.101066
0.860010 0.414949 0.107389
0.978000 0.374117 0.169246
1.050000 0.431832 0.079950
1.230000 0.381887 0.096233
1.400000 0.428091 0.113311
1.520000 0.419430 0.073142
1.520010 0.393520 0.082461
1.526000 0.495187 0.071552
1.944000 0.479658 0.103570
