0.001000 0.017144 0.084559
0.020000 0.305223 0.049369
0.020010 0.361645 0.065328
0.020030 0.409039 0.046158
0.067000 0.333534 0.054685
0.100000 0.365284 0.160852
0.100010 0.428679 0.037558
0.100020 0.264660 0.130874
0.150000 0.485223 0.145026
0.170000 0.441885 0.060280
0.180000 0.432587 0.092041
0.250000 0.592156 0.058995
0.250010 0.340458 0.060938
0.300000 0.434512 0.054567
0.310000 0.413494 0.097103
0.320000 0.520583 0.092892
0.320010 0.463366 0.099079
0.320020 0.427623 0.056370
0.350000 0.460387 0.048806
0.350010 0.458948 0.090016
0.360000 0.468756 0.096671
0.370000 0.458232 0.038357
0.370010 0.427637 0.059053
0.380000 0.483111 0.060828
0.380010 0.455080 0.042673
0.380020 0.454745 0.050416
0.400000 0.517558 0.041732
0.400010 0.465030 0.085681
0.440000 0.534815 0.077619
0.440010 0.469507 0.078492
0.480000 0.464959 0.068371
0.500000 0.438250 0.043724
0.510000 0.468157 0.037755
0.510010 0.471853 0.049553
0.520000 0.435341 0.063081
0.560000 0.477555 0.066535
0.570000 0.458295 0.044125
0.570010 0.471879 0.028197
0.590000 0.465097 0.058955
0.590010 0.483079 0.068276
0.600000 0.311430 0.063084
0.600010 0.520654 0.065073
0.600020 0.443948 0.123955
0.600030 0.258217 0.123703
0.610000 0.469029 0.034233
0.610010 0.470269 0.044909
0.640000 0.472552 0.072528
0.727000 0.306347 0.076238
0.730000 0.471428 0.071121
0.760000 0.474509 0.040375
0.770000 0.465051 0.180820
0.800000 0.467132 0.081794
0.850000 0.450078 0.110210
0.860000 0.455071 0.099113
0.860010 0.409499 0.105629
0.978000 0.422142 0.174837
1.050000 0.556353 0.077466
1.230000 0.410777 0.099343
1.400000 0.439910 0.116851
1.520000 0.416555 0.076796
1.520010 0.419682 0.079178
1.526000 0.455412 0.070197
1.944000 0.273836 0.109081
