0.001000 0.487831 0.085243
0.020000 0.375370 0.047479
0.020010 0.373347 0.062326
0.020030 0.348387 0.046025
0.067000 0.398158 0.056774
0.100000 0.315343 0.161959
0.100010 0.492649 0.039084
0.100020 0.400300 0.127921
0.150000 0.398133 0.146057
0.170000 0.507241 0.059987
0.180000 0.463503 0.093429
0.250000 0.363160 0.056184
0.250010 0.485177 0.059180
0.300000 0.481571 0.052743
0.310000 0.451221 0.098051
0.320000 0.411158 0.092662
0.320010 0.449389 0.101683
0.320020 0.456924 0.056422
0.350000 0.441552 0.049267
0.350010 0.502135 0.091408
0.360000 0.469205 0.100806
0.370000 0.457504 0.036273
0.370010 0.517369 0.058876
0.380000 0.465134 0.059582
0.380010 0.500745 0.045002
0.380020 0.463971 0.050648
0.400000 0.445755 0.041266
0.400010 0.426315 0.087190
0.440000 0.493994 0.078896
0.440010 0.434170 0.076460
0.480000 0.477768 0.067703
0.500000 0.432794 0.043286
0.510000 0.468895 0.038649
0.510010 0.485379 0.050340
0.520000 0.419652 0.066699
0.560000 0.462876 0.069657
0.570000 0.419277 0.045720
0.570010 0.485566 0.028845
0.590000 0.443461 0.060922
0.590010 0.464225 0.063943
0.600000 0.431450 0.061827
0.600010 0.460528 0.069210
0.600020 0.454625 0.121980
0.600030 0.404980 0.114458
0.610000 0.435399 0.033913
0.610010 0.408884 0.044121
0.640000 0.428261 0.069652
0.727000 0.265440 0.076948
0.730000 0.463896 0.072672
0.760000 0.455998 0.041233
0.770000 0.493485 0.182734
0.800000 0.463120 0.077865
0.850000 0.453118 0.110740
0.860000 0.356088 0.097925
0.860010 0.414107 0.112827
0.978000 0.468450 0.178618
1.050000 0.169300 0.081625
1.230000 0.373635 0.101697
1.400000 0.456975 0.115294
1.520000 0.412540 0.072629
1.520010 0.460202 0.080067
1.526000 0.442642 0.069348
1.944000 0.339091 0.107854
