0.001000 0.224619 0.089030
0.020000 0.283593 0.047690
0.020010 0.403043 0.066221
0.020030 0.342800 0.046265
0.067000 0.440085 0.058642
0.100000 0.314105 0.159738
0.100010 0.473871 0.038840
0.100020 0.419351 0.126701
0.150000 0.369965 0.141810
0.170000 0.377852 0.060268
0.180000 0.461983 0.091699
0.250000 0.216208 0.058090
0.250010 0.444449 0.062990
0.300000 0.415716 0.052325
0.310000 0.448205 0.096321
0.320000 0.434356 0.095425
0.320010 0.495571 0.100261
0.320020 0.492655 0.058676
0.350000 0.448120 0.049430
0.350010 0.486939 0.091428
0.360000 0.469824 0.099039
0.370000 0.459985 0.037243
0.370010 0.541252 0.059897
0.380000 0.480608 0.059039
0.380010 0.520615 0.044492
0.380020 0.447872 0.050540
0.400000 0.477836 0.040853
0.400010 0.449742 0.089236
0.440000 0.446740 0.080355
0.440010 0.468364 0.073558
0.480000 0.464859 0.064550
0.500000 0.464840 0.044576
0.510000 0.474926 0.037495
0.510010 0.459642 0.050083
0.520000 0.532798 0.062608
0.560000 0.451012 0.069496
0.570000 0.436351 0.044477
0.570010 0.486407 0.027662
0.590000 0.492280 0.060951
0.590010 0.447212 0.067531
0.600000 0.494829 0.064239
0.600010 0.476062 0.065761
0.600020 0.470195 0.119633
0.600030 0.452149 0.116694
0.610000 0.472133 0.034405
0.610010 0.538670 0.043729
0.640000 0.480375 0.069050
0.727000 0.745301 0.077547
0.730000 0.422839 0.072407
0.760000 0.441945 0.039306
0.770000 0.478119 0.179141
0.800000 0.450408 0.081464
0.850000 0.447787 0.111718
0.860000 0.499834 0.101939
0.860010 0.420370 0.106836
0.978000 0.398037 0.174644
1.050000 0.353218 0.078268
1.230000 0.372450 0.100056
1.400000 0.341872 0.116296
1.520000 0.417522 0.078208
1.520010 0.417803 0.076918
1.526000 0.528824 0.067740
1.944000 0.368739 0.103986
