0.001000 0.466110 0.089010
0.020000 0.458062 0.047011
0.020010 0.415381 0.063887
0.020030 0.352528 0.048314
0.067000 0.383174 0.054819
0.100000 0.296695 0.160365
0.100010 0.455295 0.037896
0.100020 0.413780 0.127776
0.150000 0.469226 0.149350
0.170000 0.394110 0.059122
0.180000 0.431651 0.087274
0.250000 0.282403 0.059348
0.250010 0.386515 0.062277
0.300000 0.480390 0.058117
0.310000 0.423983 0.097651
0.320000 0.407888 0.095221
0.320010 0.472879 0.100459
0.320020 0.504640 0.055987
0.350000 0.444028 0.048001
0.350010 0.471440 0.090308
0.360000 0.473388 0.098753
0.370000 0.459787 0.035701
0.370010 0.365276 0.057309
0.380000 0.468046 0.062018
0.380010 0.441243 0.045398
0.380020 0.451620 0.049907
0.400000 0.431678 0.042073
0.400010 0.474857 0.086203
0.440000 0.467175 0.081589
0.440010 0.472408 0.077351
0.480000 0.467026 0.066910
0.500000 0.487328 0.045858
0.510000 0.457624 0.037069
0.510010 0.463082 0.051015
0.520000 0.414440 0.065482
0.560000 0.453918 0.066214
0.570000 0.432114 0.045762
0.570010 0.462775 0.029771
0.590000 0.474305 0.059820
0.590010 0.460614 0.067194
0.600000 0.308904 0.061380
0.600010 0.442880 0.068488
0.600020 0.438204 0.121549
0.600030 0.409501 0.117177
0.610000 0.503325 0.034129
0.610010 0.498440 0.044523
0.640000 0.460879 0.069421
0.727000 0.252482 0.076275
0.730000 0.456288 0.074676
0.760000 0.449095 0.038772
0.770000 0.484321 0.182746
0.800000 0.454263 0.080971
0.850000 0.451004 0.111119
0.860000 0.420320 0.098214
0.860010 0.395616 0.109661
0.978000 0.491574 0.172775
1.050000 0.477149 0.079017
1.230000 0.423357 0.100534
1.400000 0.444905 0.117964
1.520000 0.418208 0.077415
1.520010 0.448458 0.077444
1.526000 0.422220 0.070105
1.944000 0.412880 0.103611
