0.001000 0.482058 0.088562
0.020000 0.401917 0.048839
0.020010 0.355043 0.064996
0.020030 0.394060 0.046267
0.067000 0.377793 0.056777
0.100000 0.312979 0.160307
0.100010 0.388276 0.038314
0.100020 0.387164 0.132223
0.150000 0.362673 0.145234
0.170000 0.399210 0.058494
0.180000 0.469867 0.088157
0.250000 0.363703 0.057392
0.250010 0.471611 0.060530
0.300000 0.410324 0.055173
0.310000 0.464643 0.093611
0.320000 0.529276 0.096779
0.320010 0.464559 0.098127
0.320020 0.413307 0.056853
0.350000 0.468332 0.050288
0.350010 0.426921 0.090799
0.360000 0.442713 0.094952
0.370000 0.461547 0.038378
0.370010 0.536282 0.058162
0.380000 0.475079 0.059219
0.380010 0.424109 0.043037
0.380020 0.484123 0.050252
0.400000 0.467239 0.040988
0.400010 0.455641 0.085621
0.440000 0.449987 0.080229
0.440010 0.466245 0.077775
0.480000 0.459534 0.065038
0.500000 0.389963 0.042303
0.510000 0.472843 0.038690
0.510010 0.464798 0.051394
0.520000 0.483096 0.063484
0.560000 0.470368 0.066542
0.570000 0.452658 0.044760
0.570010 0.469666 0.028604
0.590000 0.410898 0.060694
0.590010 0.460855 0.067089
0.600000 0.567592 0.062010
0.600010 0.454996 0.065699
0.600020 0.438969 0.117703
0.600030 0.363722 0.116837
0.610000 0.441765 0.033780
0.610010 0.536243 0.045021
0.640000 0.411652 0.067766
0.727000 0.312797 0.075887
0.730000 0.447498 0.073841
0.760000 0.426663 0.039129
0.770000 0.440627 0.180815
0.800000 0.462259 0.079085
0.850000 0.442798 0.111234
0.860000 0.445841 0.101930
0.860010 0.421649 0.110263
0.978000 0.408722 0.175297
1.050000 0.671769 0.079389
1.230000 0.394518 0.099201
1.400000 0.481246 0.115610
1.520000 0.417172 0.075561
1.520010 0.407102 0.082282
1.526000 0.463852 0.069857
1.944000 0.432513 0.105848
