0.001000 0.452803 0.081848
0.020000 0.381932 0.048280
0.020010 0.351416 0.065949
0.020030 0.308486 0.046421
0.067000 0.410019 0.055690
0.100000 0.469961 0.159486
0.100010 0.484174 0.037111
0.100020 0.384948 0.132089
0.150000 0.399560 0.142819
0.170000 0.415523 0.059479
0.180000 0.383362 0.087600
0.250000 0.404305 0.057063
0.250010 0.612811 0.060325
0.300000 0.439219 0.055178
0.310000 0.433828 0.097923
0.320000 0.533720 0.091126
0.320010 0.425745 0.093838
0.320020 0.482513 0.056653
0.350000 0.494007 0.049276
0.350010 0.469745 0.085882
0.360000 0.434961 0.097278
0.370000 0.458798 0.037750
0.370010 0.445050 0.059294
0.380000 0.462942 0.059604
0.380010 0.507449 0.044711
0.380020 0.461929 0.050695
0.400000 0.458341 0.041106
0.400010 0.447988 0.084964
0.440000 0.589614 0.078982
0.440010 0.446010 0.075093
0.480000 0.487669 0.066479
0.500000 0.469646 0.043593
0.510000 0.460155 0.038002
0.510010 0.474411 0.050792
0.520000 0.456413 0.062464
0.560000 0.449273 0.066152
0.570000 0.406309 0.043907
0.570010 0.461813 0.028114
0.590000 0.479155 0.059269
0.590010 0.468895 0.065881
0.600000 0.389826 0.064034
0.600010 0.422303 0.066517
0.600020 0.437438 0.119494
0.600030 0.386984 0.116390
0.610000 0.458527 0.032840
0.610010 0.494256 0.043321
0.640000 0.496594 0.071833
0.727000 0.287143 0.077720
0.730000 0.459434 0.073026
0.760000 0.436451 0.039065
0.770000 0.415565 0.173897
0.800000 0.462354 0.081232
0.850000 0.450729 0.112351
0.860000 0.440659 0.100480
0.860010 0.421127 0.112342
0.978000 0.462006 0.181392
1.050000 0.299227 0.079744
1.230000 0.435292 0.099410
1.400000 0.434839 0.114503
1.520000 0.409525 0.077666
1.520010 0.428971 0.077297
1.526000 0.379220 0.073050
1.944000 0.435860 0.106682
