0.001000 0.140735 0.083524
0.020000 0.362200 0.046886
0.020010 0.337325 0.065128
0.020030 0.263246 0.046342
0.067000 0.364498 0.055121
0.100000 0.413140 0.162863
0.100010 0.417729 0.037649
0.100020 0.249811 0.127713
0.150000 0.467629 0.145652
0.170000 0.445293 0.058104
0.180000 0.520339 0.087828
0.250000 0.431173 0.061209
0.250010 0.392789 0.058932
0.300000 0.413032 0.057614
0.310000 0.430583 0.092441
0.320000 0.350922 0.090316
0.320010 0.465694 0.100021
0.320020 0.475063 0.054477
0.350000 0.405128 0.049335
0.350010 0.452283 0.088927
0.360000 0.467180 0.095172
0.370000 0.459317 0.035339
0.370010 0.498624 0.056439
0.380000 0.465223 0.059138
0.380010 0.440140 0.044751
0.380020 0.446409 0.052492
0.400000 0.446027 0.041682
0.400010 0.430547 0.087362
0.440000 0.470221 0.076509
0.440010 0.474367 0.076835
0.480000 0.492670 0.066447
0.500000 0.479368 0.043044
0.510000 0.460545 0.036176
0.510010 0.458123 0.050833
0.520000 0.460273 0.068691
0.560000 0.473661 0.066892
0.570000 0.553736 0.045489
0.570010 0.463867 0.028312
0.590000 0.467693 0.061457
0.590010 0.461429 0.064922
0.600000 0.592471 0.061491
0.600010 0.482427 0.067274
0.600020 0.477605 0.115734
0.600030 0.425630 0.122804
0.610000 0.502260 0.032391
0.610010 0.465070 0.043590
0.640000 0.455707 0.071676
0.727000 0.395052 0.075348
0.730000 0.492958 0.072485
0.760000 0.495137 0.041546
0.770000 0.467278 0.179246
0.800000 0.444733 0.080583
0.850000 0.446242 0.112418
0.860000 0.443080 0.095302
0.860010 0.404346 0.109745
0.978000 0.384376 0.175193
1.050000 0.354275 0.080781
1.230000 0.329813 0.100214
1.400000 0.502430 0.114962
1.520000 0.419411 0.077012
1.520010 0.397692 0.079005
1.526000 0.432117 0.070234
1.944000 0.458141 0.105958
