0.001000 0.459043 0.083365
0.020000 0.413145 0.049001
0.020010 0.335020 0.062056
0.020030 0.374577 0.046529
0.067000 0.393486 0.053100
0.100000 0.445451 0.155361
0.100010 0.432435 0.037494
0.100020 0.308139 0.128957
0.150000 0.426921 0.143992
0.170000 0.307455 0.060932
0.180000 0.599894 0.088861
0.250000 0.479172 0.058832
0.250010 0.345967 0.060786
0.300000 0.427959 0.053689
0.310000 0.459751 0.099649
0.320000 0.558892 0.095579
0.320010 0.465952 0.100155
0.320020 0.446292 0.055487
0.350000 0.467991 0.049044
0.350010 0.475452 0.087911
0.360000 0.448913 0.091922
0.370000 0.456332 0.037371
0.370010 0.524875 0.056999
0.380000 0.439396 0.057570
0.380010 0.489185 0.044922
0.380020 0.465106 0.051389
0.400000 0.526806 0.040957
0.400010 0.461317 0.084613
0.440000 0.474975 0.081695
0.440010 0.464137 0.074623
0.480000 0.431804 0.067146
0.500000 0.462922 0.042515
0.510000 0.460642 0.038880
0.510010 0.451734 0.052104
0.520000 0.480555 0.066897
0.560000 0.412243 0.066710
0.570000 0.451644 0.044840
0.570010 0.435471 0.028588
0.590000 0.484967 0.060258
0.590010 0.472007 0.066975
0.600000 0.476793 0.062969
0.600010 0.447815 0.068684
0.600020 0.391235 0.121901
0.600030 0.378358 0.114703
0.610000 0.466104 0.034719
0.610010 0.473616 0.042362
0.640000 0.479993 0.069728
0.727000 0.457105 0.076530
0.730000 0.454323 0.068080
0.760000 0.447190 0.041127
0.770000 0.481201 0.177368
0.800000 0.424409 0.079104
0.850000 0.442588 0.104044
0.860000 0.461003 0.100347
0.860010 0.477531 0.107699
0.978000 0.512802 0.177776
1.050000 0.450987 0.078007
1.230000 0.417519 0.097318
1.400000 0.496997 0.112826
1.520000 0.414227 0.075757
1.520010 0.416692 0.078624
1.526000 0.440712 0.069807
1.944000 0.358533 0.100942
