0.001000 -0.123514 0.085527
0.020000 0.441207 0.049665
0.020010 0.387696 0.065287
0.020030 0.254234 0.047025
0.067000 0.399776 0.056577
0.100000 0.384680 0.163306
0.100010 0.512619 0.037476
0.100020 0.449005 0.130785
0.150000 0.450473 0.145543
0.170000 0.462482 0.058837
0.180000 0.342192 0.088778
0.250000 0.647206 0.056867
0.250010 0.363423 0.057366
0.300000 0.443196 0.054967
0.310000 0.457129 0.095278
0.320000 0.457884 0.095272
0.320010 0.422243 0.095986
0.320020 0.459686 0.053771
0.350000 0.448686 0.049564
0.350010 0.473493 0.087099
0.360000 0.462888 0.096569
0.370000 0.460255 0.038242
0.370010 0.405114 0.059114
0.380000 0.458805 0.059525
0.380010 0.384604 0.045335
0.380020 0.435070 0.052450
0.400000 0.424174 0.042317
0.400010 0.470541 0.089913
0.440000 0.439503 0.081411
0.440010 0.466388 0.077037
0.480000 0.482199 0.069173
0.500000 0.433266 0.042294
0.510000 0.469368 0.038556
0.510010 0.451339 0.050560
0.520000 0.488064 0.066213
0.560000 0.482603 0.067815
0.570000 0.514431 0.045736
0.570010 0.508335 0.029170
0.590000 0.461039 0.059940
0.590010 0.437444 0.066427
0.600000 0.469259 0.064154
0.600010 0.454663 0.067368
0.600020 0.462772 0.121380
0.600030 0.484804 0.124281
0.610000 0.508282 0.034226
0.610010 0.385482 0.043749
0.640000 0.420723 0.070971
0.727000 0.692631 0.076107
0.730000 0.421494 0.072896
0.760000 0.438704 0.038969
0.770000 0.454443 0.176982
0.800000 0.442436 0.081130
0.850000 0.450237 0.107379
0.860000 0.453337 0.103281
0.860010 0.435713 0.106132
0.978000 0.384273 0.173492
1.050000 0.561458 0.082356
1.230000 0.454874 0.098338
1.400000 0.430521 0.117917
1.520000 0.422740 0.075017
1.520010 0.379418 0.080044
1.526000 0.411491 0.069523
1.944000 0.457783 0.109200
