0.001000 0.743611 0.084918
0.020000 0.474043 0.047756
0.020010 0.392040 0.065336
0.020030 0.328900 0.047006
0.067000 0.426083 0.055377
0.100000 0.387946 0.156774
0.100010 0.409197 0.038800
0.100020 0.428469 0.134244
0.150000 0.457013 0.143811
0.170000 0.318743 0.059684
0.180000 0.446055 0.090331
0.250000 0.408510 0.060561
0.250010 0.426724 0.059559
0.300000 0.483318 0.055572
0.310000 0.429528 0.093244
0.320000 0.537549 0.092702
0.320010 0.457797 0.103450
0.320020 0.449715 0.056830
0.350000 0.479956 0.050925
0.350010 0.509427 0.088336
0.360000 0.450481 0.093095
0.370000 0.461848 0.037809
0.370010 0.382902 0.055539
0.380000 0.481390 0.059406
0.380010 0.446074 0.044582
0.380020 0.473687 0.050320
0.400000 0.514622 0.041189
0.400010 0.466747 0.085021
0.440000 0.437665 0.078599
0.440010 0.475180 0.075065
0.480000 0.475668 0.065965
0.500000 0.443798 0.044312
0.510000 0.451737 0.038229
0.510010 0.471575 0.052180
0.520000 0.478528 0.063308
0.560000 0.460785 0.065456
0.570000 0.403853 0.045633
0.570010 0.453268 0.028283
0.590000 0.448969 0.058635
0.590010 0.432894 0.067446
0.600000 0.481282 0.062025
0.600010 0.441834 0.067455
0.600020 0.472491 0.118838
0.600030 0.419428 0.120499
0.610000 0.436686 0.033380
0.610010 0.429491 0.044573
0.640000 0.497398 0.067190
0.727000 0.559506 0.075842
0.730000 0.450515 0.073684
0.760000 0.443282 0.040424
0.770000 0.494360 0.184072
0.800000 0.473269 0.081825
0.850000 0.448918 0.103441
0.860000 0.404692 0.101568
0.860010 0.502746 0.105600
0.978000 0.418818 0.175064
1.050000 0.620283 0.077194
1.230000 0.463230 0.100701
1.400000 0.329674 0.116559
1.520000 0.425685 0.073556
1.520010 0.429345 0.078299
1.526000 0.269506 0.069156
1.944000 0.384305 0.102359
