0.001000 0.256235 0.083554
0.020000 0.380495 0.047948
0.020010 0.351413 0.066412
0.020030 0.411353 0.047641
0.067000 0.367616 0.052450
0.100000 0.513489 0.158101
0.100010 0.429201 0.036832
0.100020 0.497502 0.128474
0.150000 0.377726 0.139545
0.170000 0.510235 0.059035
0.180000 0.420325 0.084539
0.250000 0.442281 0.056899
0.250010 0.616025 0.058413
0.300000 0.341026 0.053005
0.310000 0.467969 0.096590
0.320000 0.526282 0.094604
0.320010 0.472113 0.099822
0.320020 0.454979 0.055022
0.350000 0.467082 0.048711
0.350010 0.409127 0.089239
0.360000 0.461240 0.098684
0.370000 0.459883 0.037861
0.370010 0.493040 0.057658
0.380000 0.463657 0.057743
0.380010 0.453820 0.044580
0.380020 0.450464 0.051943
0.400000 0.451162 0.041406
0.400010 0.472955 0.087171
0.440000 0.518509 0.078800
0.440010 0.483675 0.075184
0.480000 0.450237 0.068452
0.500000 0.445365 0.044316
0.510000 0.461859 0.038484
0.510010 0.466933 0.048949
0.520000 0.453480 0.064219
0.560000 0.464308 0.065641
0.570000 0.490860 0.045361
0.570010 0.446101 0.027921
0.590000 0.469850 0.060019
0.590010 0.491886 0.065892
0.600000 0.418284 0.065864
0.600010 0.465885 0.069309
0.600020 0.469959 0.117356
0.600030 0.549537 0.120184
0.610000 0.455766 0.033046
0.610010 0.418238 0.044298
0.640000 0.446617 0.070774
0.727000 0.024557 0.079444
0.730000 0.453154 0.074127
0.760000 0.454527 0.037341
0.770000 0.431097 0.181510
0.800000 0.470609 0.077346
0.850000 0.450203 0.111107
0.860000 0.400033 0.099529
0.860010 0.457714 0.112998
0.978000 0.449303 0.176830
1.050000 0.785188 0.079731
1.230000 0.448759 0.098133
1.400000 0.443859 0.114876
1.520000 0.420050 0.077317
1.520010 0.393375 0.080163
1.526000 0.382314 0.069074
1.944000 0.318953 0.108085
