0.001000 0.362459 0.084432
0.020000 0.324573 0.046357
0.020010 0.376583 0.064270
0.020030 0.422836 0.045143
0.067000 0.409986 0.053472
0.100000 0.417486 0.161905
0.100010 0.427408 0.038643
0.100020 0.514339 0.137292
0.150000 0.418421 0.145654
0.170000 0.420252 0.061663
0.180000 0.452611 0.087645
0.250000 0.490032 0.056886
0.250010 0.385086 0.057998
0.300000 0.445199 0.053751
0.310000 0.440556 0.099528
0.320000 0.462759 0.100958
0.320010 0.467117 0.095373
0.320020 0.469656 0.059331
0.350000 0.480035 0.049146
0.350010 0.462227 0.086722
0.360000 0.459800 0.098228
0.370000 0.460222 0.037878
0.370010 0.460578 0.059527
0.380000 0.480280 0.060549
0.380010 0.477997 0.045815
0.380020 0.465332 0.053586
0.400000 0.482410 0.040651
0.400010 0.457114 0.085576
0.440000 0.401129 0.077722
0.440010 0.491849 0.075921
0.480000 0.446291 0.065932
0.500000 0.445686 0.042119
0.510000 0.457273 0.038087
0.510010 0.462286 0.050142
0.520000 0.444257 0.065530
0.560000 0.463111 0.067489
0.570000 0.378067 0.045590
0.570010 0.443427 0.029243
0.590000 0.448750 0.059960
0.590010 0.486104 0.064704
0.600000 0.442228 0.062051
0.600010 0.461727 0.065278
0.600020 0.489676 0.120880
0.600030 0.698142 0.116205
0.610000 0.437533 0.034894
0.610010 0.536194 0.042824
0.640000 0.429588 0.070206
0.727000 0.810928 0.072680
0.730000 0.447859 0.070185
0.760000 0.441543 0.040703
0.770000 0.470857 0.181558
0.800000 0.455986 0.082109
0.850000 0.449723 0.107401
0.860000 0.436489 0.102156
0.860010 0.509971 0.115884
0.978000 0.445221 0.173019
1.050000 0.311426 0.078431
1.230000 0.517443 0.101716
1.400000 0.411635 0.112958
1.520000 0.416949 0.078215
1.520010 0.411735 0.075033
1.526000 0.467724 0.071618
1.944000 0.479183 0.102821
