0.001000 0.467037 0.086376
0.020000 0.356344 0.048050
0.020010 0.401704 0.063795
0.020030 0.308236 0.048118
0.067000 0.402000 0.054708
0.100000 0.319825 0.157468
0.100010 0.454797 0.038564
0.100020 0.480227 0.127911
0.150000 0.384991 0.147755
0.170000 0.393460 0.059145
0.180000 0.646888 0.089863
0.250000 0.354896 0.058665
0.250010 0.428307 0.062379
0.300000 0.437411 0.055933
0.310000 0.433999 0.097828
0.320000 0.413771 0.091277
0.320010 0.493053 0.096608
0.320020 0.432020 0.057413
0.350000 0.438971 0.051919
0.350010 0.456976 0.088732
0.360000 0.447413 0.098672
0.370000 0.460106 0.037966
0.370010 0.455842 0.056330
0.380000 0.497310 0.060781
0.380010 0.348115 0.044958
0.380020 0.465227 0.051712
0.400000 0.445356 0.040798
0.400010 0.475042 0.089691
0.440000 0.452816 0.082873
0.440010 0.449230 0.076106
0.480000 0.459175 0.062588
0.500000 0.460744 0.043549
0.510000 0.462132 0.037474
0.510010 0.454256 0.049816
0.520000 0.473842 0.065919
0.560000 0.477349 0.067649
0.570000 0.392291 0.047318
0.570010 0.466868 0.028711
0.590000 0.507557 0.061205
0.590010 0.481047 0.065110
0.600000 0.563602 0.063092
0.600010 0.458300 0.065182
0.600020 0.426837 0.115187
0.600030 0.419465 0.117086
0.610000 0.449000 0.035805
0.610010 0.444298 0.043499
0.640000 0.463469 0.072111
0.727000 0.307142 0.075483
0.730000 0.447690 0.072967
0.760000 0.460568 0.040542
0.770000 0.453055 0.176945
0.800000 0.417525 0.080712
0.850000 0.447053 0.105945
0.860000 0.492994 0.099073
0.860010 0.435141 0.110116
0.978000 0.405399 0.174796
1.050000 0.324870 0.078447
1.230000 0.384487 0.103668
1.400000 0.435845 0.108747
1.520000 0.416050 0.073902
1.520010 0.438285 0.075910
1.526000 0.397776 0.064512
1.944000 0.464684 0.106429
