0.001000 0.470169 0.085799
0.020000 0.449177 0.047213
0.020010 0.380004 0.066292
0.020030 0.438652 0.044755
0.067000 0.416432 0.056053
0.100000 0.370065 0.155102
0.100010 0.502192 0.038898
0.100020 0.524488 0.129441
0.150000 0.432636 0.143484
0.170000 0.535377 0.063179
0.180000 0.550143 0.088518
0.250000 0.614056 0.058676
0.250010 0.490863 0.061183
0.300000 0.485169 0.056710
0.310000 0.466980 0.097467
0.320000 0.495539 0.094654
0.320010 0.476102 0.102696
0.320020 0.457689 0.054845
0.350000 0.450685 0.048124
0.350010 0.443836 0.094380
0.360000 0.448363 0.095075
0.370000 0.458793 0.038307
0.370010 0.341242 0.057597
0.380000 0.486377 0.059352
0.380010 0.521376 0.044554
0.380020 0.448156 0.052681
0.400000 0.378565 0.041986
0.400010 0.471088 0.085519
0.440000 0.481377 0.081261
0.440010 0.461778 0.077871
0.480000 0.472075 0.067687
0.500000 0.419945 0.042659
0.510000 0.452305 0.037923
0.510010 0.474109 0.052071
0.520000 0.428560 0.066017
0.560000 0.445126 0.068213
0.570000 0.507069 0.043783
0.570010 0.472504 0.029228
0.590000 0.466373 0.060147
0.590010 0.466880 0.063869
0.600000 0.562637 0.062486
0.600010 0.425571 0.066128
0.600020 0.466507 0.117915
0.600030 0.373832 0.121865
0.610000 0.495769 0.033907
0.610010 0.493620 0.041953
0.640000 0.446453 0.070440
0.727000 0.252151 0.075485
0.730000 0.463829 0.071592
0.760000 0.456126 0.039401
0.770000 0.493524 0.183110
0.800000 0.470731 0.080499
0.850000 0.449306 0.109548
0.860000 0.435402 0.096244
0.860010 0.416432 0.113088
0.978000 0.508226 0.172020
1.050000 0.245229 0.079570
1.230000 0.450605 0.097371
1.400000 0.344058 0.117115
1.520000 0.399936 0.072580
1.520010 0.474259 0.079966
1.526000 0.417540 0.070167
1.944000 0.238828 0.105112
