0.001000 0.518268 0.084283
0.020000 0.225712 0.049465
0.020010 0.303252 0.064654
0.020030 0.380455 0.045707
0.067000 0.346937 0.053532
0.100000 0.337808 0.165491
0.100010 0.508265 0.038943
0.100020 0.463657 0.124141
0.150000 0.472835 0.143837
0.170000 0.462353 0.060631
0.180000 0.579607 0.092702
0.250000 0.416804 0.057920
0.250010 0.421660 0.061951
0.300000 0.466512 0.054834
0.310000 0.444550 0.096266
0.320000 0.365409 0.095913
0.320010 0.442547 0.100296
0.320020 0.459473 0.057840
0.350000 0.477731 0.050895
0.350010 0.513392 0.090837
0.360000 0.428079 0.095328
0.370000 0.460216 0.037824
0.370010 0.408719 0.058597
0.380000 0.481110 0.059326
0.380010 0.477421 0.043991
0.380020 0.452853 0.050658
0.400000 0.414866 0.040973
0.400010 0.464892 0.086735
0.440000 0.440753 0.076825
0.440010 0.438999 0.077846
0.480000 0.485913 0.069975
0.500000 0.491378 0.043096
0.510000 0.476789 0.038266
0.510010 0.451005 0.051243
0.520000 0.441190 0.065900
0.560000 0.470742 0.065672
0.570000 0.514784 0.044267
0.570010 0.496374 0.029305
0.590000 0.462054 0.059898
0.590010 0.457898 0.064867
0.600000 0.530032 0.060562
0.600010 0.454384 0.068318
0.600020 0.456404 0.114790
0.600030 0.425794 0.123697
0.610000 0.435881 0.034184
0.610010 0.423872 0.044039
0.640000 0.483086 0.071593
0.727000 0.257773 0.077621
0.730000 0.460955 0.073162
0.760000 0.460296 0.040411
0.770000 0.423361 0.186929
0.800000 0.476595 0.077471
0.850000 0.432962 0.111019
0.860000 0.439757 0.100079
0.860010 0.495413 0.109826
0.978000 0.559811 0.180876
1.050000 0.643149 0.080044
1.230000 0.416386 0.100197
1.400000 0.433556 0.116500
1.520000 0.408284 0.075274
1.520010 0.413698 0.079352
1.526000 0.431596 0.066411
1.944000 0.447805 0.105256
