0.001000 0.254000 0.083386
0.020000 0.349725 0.049207
0.020010 0.350277 0.064794
0.020030 0.334114 0.047096
0.067000 0.412146 0.053819
0.100000 0.313218 0.154852
0.100010 0.513280 0.037426
0.100020 0.499836 0.130304
0.150000 0.407299 0.142922
0.170000 0.296334 0.060783
0.180000 0.578208 0.086933
0.250000 0.607695 0.057484
0.250010 0.542341 0.062335
0.300000 0.494406 0.053865
0.310000 0.453539 0.096086
0.320000 0.518520 0.098099
0.320010 0.450203 0.099699
0.320020 0.444994 0.056823
0.350000 0.425866 0.051322
0.350010 0.545978 0.088619
0.360000 0.457510 0.096024
0.370000 0.459589 0.038345
0.370010 0.530167 0.061433
0.380000 0.436620 0.060765
0.380010 0.499025 0.043743
0.380020 0.473469 0.052312
0.400000 0.457022 0.040928
0.400010 0.454217 0.085553
0.440000 0.469215 0.079761
0.440010 0.413279 0.076980
0.480000 0.439316 0.065062
0.500000 0.441000 0.044011
0.510000 0.463556 0.037588
0.510010 0.465038 0.051395
0.520000 0.496114 0.064349
0.560000 0.463185 0.066301
0.570000 0.385453 0.045048
0.570010 0.507125 0.029672
0.590000 0.459655 0.060432
0.590010 0.485206 0.066667
0.600000 0.496484 0.062624
0.600010 0.425648 0.067278
0.600020 0.466859 0.116194
0.600030 0.368226 0.119950
0.610000 0.498397 0.032797
0.610010 0.433768 0.044999
0.640000 0.447174 0.070439
0.727000 0.366464 0.073193
0.730000 0.455829 0.070411
0.760000 0.469868 0.038672
0.770000 0.448135 0.182400
0.800000 0.460070 0.077941
0.850000 0.454982 0.108564
0.860000 0.452175 0.095936
0.860010 0.474525 0.113249
0.978000 0.419617 0.168579
1.050000 0.542913 0.081052
1.230000 0.457430 0.100994
1.400000 0.344715 0.116307
1.520000 0.419246 0.076579
1.520010 0.389721 0.081769
1.526000 0.440465 0.070804
1.944000 0.381181 0.109555
