0.001000 0.518864 0.084466
0.020000 0.348899 0.046653
0.020010 0.352900 0.064352
0.020030 0.410522 0.044000
0.067000 0.385863 0.052999
0.100000 0.616723 0.159101
0.100010 0.474554 0.037631
0.100020 0.500630 0.130086
0.150000 0.536227 0.146611
0.170000 0.466891 0.059704
0.180000 0.375454 0.090970
0.250000 0.473348 0.057888
0.250010 0.309731 0.060886
0.300000 0.498771 0.052928
0.310000 0.447552 0.098897
0.320000 0.306091 0.094699
0.320010 0.425280 0.100547
0.320020 0.463044 0.056430
0.350000 0.447337 0.050088
0.350010 0.399791 0.089072
0.360000 0.442464 0.095178
0.370000 0.460650 0.038305
0.370010 0.449705 0.059360
0.380000 0.489181 0.060392
0.380010 0.392432 0.045766
0.380020 0.475517 0.049855
0.400000 0.395945 0.040635
0.400010 0.460238 0.086580
0.440000 0.421069 0.080902
0.440010 0.462892 0.075827
0.480000 0.466832 0.065248
0.500000 0.460731 0.042719
0.510000 0.468387 0.036771
0.510010 0.483854 0.048598
0.520000 0.441649 0.067162
0.560000 0.478111 0.065819
0.570000 0.416179 0.045913
0.570010 0.470513 0.027909
0.590000 0.447255 0.062337
0.590010 0.490026 0.066833
0.600000 0.365362 0.063914
0.600010 0.481582 0.066129
0.600020 0.473973 0.116594
0.600030 0.355619 0.116693
0.610000 0.460208 0.033486
0.610010 0.483074 0.043280
0.640000 0.446811 0.068417
0.727000 0.369022 0.077135
0.730000 0.481359 0.071724
0.760000 0.470560 0.040006
0.770000 0.465646 0.176687
0.800000 0.447792 0.082330
0.850000 0.450596 0.107987
0.860000 0.461561 0.097195
0.860010 0.464730 0.109248
0.978000 0.424243 0.174708
1.050000 0.674143 0.081197
1.230000 0.479522 0.098887
1.400000 0.470138 0.117392
1.520000 0.408308 0.073951
1.520010 0.402541 0.081178
1.526000 0.338448 0.070870
1.944000 0.443523 0.106867
