0.001000 0.515261 0.084873
0.020000 0.430085 0.048681
0.020010 0.372961 0.065788
0.020030 0.545937 0.046243
0.067000 0.373572 0.054836
0.100000 0.331664 0.155894
0.100010 0.506258 0.037206
0.100020 0.402224 0.133829
0.150000 0.523800 0.143672
0.170000 0.381052 0.060262
0.180000 0.361137 0.089535
0.250000 0.479953 0.055940
0.250010 0.586684 0.059336
0.300000 0.436382 0.055335
0.310000 0.477052 0.097793
0.320000 0.527437 0.093425
0.320010 0.468330 0.098620
0.320020 0.465038 0.057314
0.350000 0.425959 0.049590
0.350010 0.522502 0.093257
0.360000 0.451625 0.093629
0.370000 0.460141 0.038389
0.370010 0.530253 0.059228
0.380000 0.468587 0.056049
0.380010 0.418722 0.045888
0.380020 0.475400 0.051458
0.400000 0.441114 0.041781
0.400010 0.467143 0.084880
0.440000 0.597690 0.078813
0.440010 0.446635 0.074285
0.480000 0.447109 0.065914
0.500000 0.406799 0.042504
0.510000 0.463113 0.038998
0.510010 0.464810 0.048624
0.520000 0.454744 0.063492
0.560000 0.456649 0.067054
0.570000 0.396134 0.043757
0.570010 0.402418 0.028699
0.590000 0.476223 0.059532
0.590010 0.459216 0.065409
0.600000 0.433864 0.063503
0.600010 0.486290 0.065815
0.600020 0.492882 0.117083
0.600030 0.459076 0.124056
0.610000 0.430853 0.035019
0.610010 0.477486 0.044399
0.640000 0.429537 0.070328
0.727000 0.544060 0.076048
0.730000 0.469861 0.071042
0.760000 0.440232 0.038227
0.770000 0.459842 0.177325
0.800000 0.478515 0.078807
0.850000 0.432033 0.108486
0.860000 0.455609 0.098508
0.860010 0.466477 0.108275
0.978000 0.390309 0.174124
1.050000 0.396134 0.079209
1.230000 0.484670 0.097870
1.400000 0.471508 0.116738
1.520000 0.416977 0.074822
1.520010 0.415395 0.078254
1.526000 0.430338 0.070634
1.944000 0.309428 0.104948
