0.001000 0.435054 0.083889
0.020000 0.288726 0.046125
0.020010 0.367882 0.065553
0.020030 0.398370 0.046143
0.067000 0.347702 0.056472
0.100000 0.388325 0.158271
0.100010 0.415859 0.037617
0.100020 0.462955 0.126635
0.150000 0.453857 0.140117
0.170000 0.385688 0.057226
0.180000 0.382767 0.093884
0.250000 0.552478 0.058957
0.250010 0.517563 0.058045
0.300000 0.430813 0.056264
0.310000 0.442031 0.098634
0.320000 0.477305 0.094846
0.320010 0.505885 0.099040
0.320020 0.432033 0.057469
0.350000 0.442677 0.050158
0.350010 0.489760 0.088104
0.360000 0.440372 0.099643
0.370000 0.457771 0.038956
0.370010 0.491047 0.059444
0.380000 0.454126 0.060797
0.380010 0.419149 0.044484
0.380020 0.482977 0.051834
0.400000 0.458742 0.041253
0.400010 0.447684 0.084069
0.440000 0.517023 0.078238
0.440010 0.488205 0.072905
0.480000 0.498978 0.066238
0.500000 0.395065 0.043245
0.510000 0.464033 0.037855
0.510010 0.480277 0.049645
0.520000 0.440614 0.064723
0.560000 0.470176 0.065860
0.570000 0.376501 0.045581
0.570010 0.471739 0.028035
0.590000 0.470812 0.060575
0.590010 0.465278 0.064871
0.600000 0.494585 0.063330
0.600010 0.504963 0.068323
0.600020 0.447072 0.122366
0.600030 0.513774 0.118910
0.610000 0.444237 0.034305
0.610010 0.420137 0.043669
0.640000 0.453195 0.070819
0.727000 0.473079 0.077769
0.730000 0.452613 0.072711
0.760000 0.424031 0.041354
0.770000 0.498725 0.178163
0.800000 0.458328 0.079684
0.850000 0.450044 0.106067
0.860000 0.440281 0.097758
0.860010 0.443788 0.109147
0.978000 0.380896 0.175013
1.050000 0.446954 0.078432
1.230000 0.405151 0.099517
1.400000 0.421866 0.117538
1.520000 0.420247 0.076121
1.520010 0.413570 0.075437
1.526000 0.359973 0.070236
1.944000 0.480503 0.102211
