0.001000 0.333372 0.086138
0.020000 0.395199 0.049432
0.020010 0.359313 0.064284
0.020030 0.370262 0.044707
0.067000 0.399830 0.053940
0.100000 0.405791 0.162182
0.100010 0.317665 0.038131
0.100020 0.446026 0.126066
0.150000 0.550200 0.146736
0.170000 0.421350 0.062395
0.180000 0.467837 0.091121
0.250000 0.578686 0.057077
0.250010 0.539816 0.061502
0.300000 0.463070 0.057327
0.310000 0.437366 0.094506
0.320000 0.393941 0.098925
0.320010 0.438604 0.100862
0.320020 0.500855 0.055533
0.350000 0.440092 0.049469
0.350010 0.496431 0.088267
0.360000 0.459252 0.097591
0.370000 0.462097 0.038772
0.370010 0.381614 0.056900
0.380000 0.480290 0.059184
0.380010 0.484170 0.044089
0.380020 0.446124 0.049567
0.400000 0.475087 0.040404
0.400010 0.456688 0.083225
0.440000 0.415209 0.080846
0.440010 0.455104 0.078036
0.480000 0.468481 0.068048
0.500000 0.506361 0.043643
0.510000 0.468814 0.037799
0.510010 0.455204 0.048851
0.520000 0.482696 0.064722
0.560000 0.473244 0.068096
0.570000 0.375833 0.045609
0.570010 0.408164 0.027832
0.590000 0.490034 0.059212
0.590010 0.437450 0.066952
0.600000 0.413730 0.063861
0.600010 0.437319 0.065523
0.600020 0.445897 0.122552
0.600030 0.536447 0.120167
0.610000 0.466436 0.034283
0.610010 0.431590 0.043010
0.640000 0.500100 0.070265
0.727000 0.527747 0.073777
0.730000 0.411676 0.073791
0.760000 0.471972 0.039074
0.770000 0.460121 0.180184
0.800000 0.430003 0.079664
0.850000 0.448255 0.107246
0.860000 0.405026 0.098364
0.860010 0.416113 0.106822
0.978000 0.424475 0.178586
1.050000 0.449396 0.080110
1.230000 0.440289 0.101826
1.400000 0.382186 0.118145
1.520000 0.422570 0.079603
1.520010 0.397339 0.076790
1.526000 0.389675 0.068761
1.944000 0.476761 0.103963
