0.001000 0.341429 0.083245
0.020000 0.291470 0.048868
0.020010 0.384808 0.066464
0.020030 0.400756 0.047454
0.067000 0.380014 0.055312
0.100000 0.406855 0.157643
0.100010 0.444305 0.038098
0.100020 0.466802 0.130380
0.150000 0.441377 0.141867
0.170000 0.317396 0.061313
0.180000 0.548957 0.091238
0.250000 0.507897 0.056845
0.250010 0.341056 0.061562
0.300000 0.403303 0.055186
0.310000 0.467532 0.100672
0.320000 0.584088 0.096839
0.320010 0.399119 0.098641
0.320020 0.424581 0.055649
0.350000 0.466285 0.050254
0.350010 0.460374 0.087657
0.360000 0.463945 0.096179
0.370000 0.460794 0.037025
0.370010 0.446527 0.060025
0.380000 0.473292 0.060000
0.380010 0.487783 0.044818
0.380020 0.497886 0.051266
0.400000 0.530125 0.040317
0.400010 0.456593 0.085577
0.440000 0.427508 0.079916
0.440010 0.446104 0.076473
0.480000 0.461449 0.063243
0.500000 0.453850 0.045515
0.510000 0.473378 0.037613
0.510010 0.482138 0.049375
0.520000 0.483654 0.063928
0.560000 0.488293 0.066940
0.570000 0.550384 0.044794
0.570010 0.430547 0.028764
0.590000 0.453738 0.061842
0.590010 0.456295 0.063991
0.600000 0.587787 0.062500
0.600010 0.503232 0.067345
0.600020 0.459594 0.121033
0.600030 0.407910 0.118840
0.610000 0.443861 0.033178
0.610010 0.489594 0.042928
0.640000 0.432104 0.068545
0.727000 0.641875 0.077526
0.730000 0.461759 0.070612
0.760000 0.470562 0.038958
0.770000 0.435411 0.175432
0.800000 0.458764 0.076664
0.850000 0.440961 0.109167
0.860000 0.400019 0.101033
0.860010 0.453226 0.111694
0.978000 0.397660 0.177844
1.050000 0.457279 0.081231
1.230000 0.391887 0.097887
1.400000 0.359752 0.116185
1.520000 0.422643 0.076654
1.520010 0.421780 0.080315
1.526000 0.404285 0.070125
1.944000 0.420680 0.104020
