0.001000 0.256245 0.085039
0.020000 0.364102 0.047476
0.020010 0.384590 0.063933
0.020030 0.331511 0.046199
0.067000 0.448164 0.055572
0.100000 0.301998 0.163882
0.100010 0.423991 0.037222
0.100020 0.502448 0.126001
0.150000 0.356317 0.144886
0.170000 0.426813 0.059344
0.180000 0.533966 0.089754
0.250000 0.523251 0.058275
0.250010 0.473682 0.060271
0.300000 0.452863 0.056256
0.310000 0.428126 0.097527
0.320000 0.452821 0.095889
0.320010 0.490376 0.095428
0.320020 0.491253 0.056849
0.350000 0.414262 0.052102
0.350010 0.441963 0.085702
0.360000 0.462699 0.095633
0.370000 0.462133 0.037189
0.370010 0.451337 0.060639
0.380000 0.446412 0.060325
0.380010 0.447208 0.045727
0.380020 0.454413 0.049865
0.400000 0.452982 0.041821
0.400010 0.437776 0.087066
0.440000 0.342139 0.082128
0.440010 0.458202 0.077175
0.480000 0.493204 0.068780
0.500000 0.492480 0.041538
0.510000 0.458272 0.038225
0.510010 0.458380 0.049698
0.520000 0.448033 0.064012
0.560000 0.466187 0.068067
0.570000 0.491758 0.044452
0.570010 0.424231 0.028647
0.590000 0.446186 0.058628
0.590010 0.473773 0.064029
0.600000 0.552398 0.064056
0.600010 0.498700 0.067460
0.600020 0.456211 0.118414
0.600030 0.456731 0.125339
0.610000 0.461136 0.034306
0.610010 0.398104 0.043459
0.640000 0.443595 0.069512
0.727000 0.314703 0.075757
0.730000 0.472529 0.073343
0.760000 0.468452 0.040072
0.770000 0.487394 0.185601
0.800000 0.463960 0.080308
0.850000 0.446624 0.110056
0.860000 0.475951 0.104149
0.860010 0.408160 0.110909
0.978000 0.493445 0.177566
1.050000 0.488869 0.077966
1.230000 0.386036 0.096740
1.400000 0.516036 0.117806
1.520000 0.421072 0.077224
1.520010 0.419146 0.077178
1.526000 0.410953 0.069387
1.944000 0.391476 0.107338
