0.001000 0.264524 0.085883
0.020000 0.269238 0.047627
0.020010 0.395922 0.064694
0.020030 0.434976 0.046112
0.067000 0.377303 0.053006
0.100000 0.398165 0.163695
0.100010 0.396660 0.036179
0.100020 0.408445 0.133987
0.150000 0.467723 0.140888
0.170000 0.451604 0.061220
0.180000 0.600231 0.091649
0.250000 0.521099 0.057543
0.250010 0.507022 0.061283
0.300000 0.476877 0.054069
0.310000 0.433514 0.102103
0.320000 0.384083 0.093001
0.320010 0.451071 0.097812
0.320020 0.459663 0.056692
0.350000 0.453349 0.048908
0.350010 0.469742 0.093142
0.360000 0.459101 0.095434
0.370000 0.459347 0.038922
0.370010 0.382947 0.060530
0.380000 0.467470 0.058413
0.380010 0.508873 0.043297
0.380020 0.501362 0.052137
0.400000 0.428024 0.041767
0.400010 0.466315 0.084192
0.440000 0.458176 0.081792
0.440010 0.455565 0.075374
0.480000 0.489263 0.065334
0.500000 0.404317 0.044049
0.510000 0.457647 0.038417
0.510010 0.474533 0.049275
0.520000 0.468172 0.067909
0.560000 0.469287 0.066738
0.570000 0.404393 0.045673
0.570010 0.463148 0.029660
0.590000 0.486776 0.059882
0.590010 0.481447 0.066034
0.600000 0.402610 0.063992
0.600010 0.416337 0.065461
0.600020 0.471582 0.118713
0.600030 0.522261 0.118231
0.610000 0.491434 0.033910
0.610010 0.584565 0.042756
0.640000 0.473088 0.067132
0.727000 0.684558 0.076286
0.730000 0.449229 0.071284
0.760000 0.428267 0.041484
0.770000 0.428122 0.179689
0.800000 0.433589 0.081280
0.850000 0.451237 0.107204
0.860000 0.474742 0.100256
0.860010 0.523445 0.108809
0.978000 0.438706 0.174035
1.050000 0.294977 0.078391
1.230000 0.449820 0.096867
1.400000 0.321310 0.113726
1.520000 0.403799 0.077085
1.520010 0.420985 0.077553
1.526000 0.382782 0.068760
1.944000 0.484861 0.105063
