0.001000 0.518043 0.086707
0.020000 0.338731 0.048244
0.020010 0.324070 0.067604
0.020030 0.304422 0.046430
0.067000 0.340456 0.054786
0.100000 0.279184 0.160245
0.100010 0.419725 0.036992
0.100020 0.396628 0.133192
0.150000 0.409762 0.148300
0.170000 0.501862 0.059563
0.180000 0.343884 0.091805
0.250000 0.409726 0.060595
0.250010 0.515819 0.058950
0.300000 0.481389 0.056133
0.310000 0.427244 0.095772
0.320000 0.487551 0.089976
0.320010 0.463516 0.098226
0.320020 0.477783 0.055573
0.350000 0.416395 0.050775
0.350010 0.469340 0.087096
0.360000 0.454198 0.095147
0.370000 0.461378 0.038033
0.370010 0.421152 0.056605
0.380000 0.454906 0.061370
0.380010 0.400877 0.043340
0.380020 0.446778 0.050150
0.400000 0.486971 0.041151
0.400010 0.470808 0.085172
0.440000 0.413915 0.077909
0.440010 0.454892 0.074747
0.480000 0.446987 0.068465
0.500000 0.450090 0.042521
0.510000 0.462328 0.038514
0.510010 0.466069 0.048629
0.520000 0.460290 0.063766
0.560000 0.503197 0.066909
0.570000 0.483685 0.043557
0.570010 0.469682 0.029092
0.590000 0.496233 0.060353
0.590010 0.456338 0.064682
0.600000 0.441441 0.059396
0.600010 0.447750 0.064389
0.600020 0.504292 0.115917
0.600030 0.320292 0.118441
0.610000 0.453720 0.033233
0.610010 0.484644 0.043483
0.640000 0.481740 0.071871
0.727000 0.735098 0.073198
0.730000 0.466786 0.071184
0.760000 0.490948 0.040056
0.770000 0.420523 0.179544
0.800000 0.447140 0.081519
0.850000 0.449419 0.107438
0.860000 0.411483 0.099643
0.860010 0.413290 0.110636
0.978000 0.383408 0.181009
1.050000 0.400665 0.078994
1.230000 0.384137 0.097033
1.400000 0.433185 0.119429
1.520000 0.404981 0.078989
1.520010 0.399376 0.080545
1.526000 0.340447 0.068188
1.944000 0.434651 0.107791
