0.001000 0.422657 0.082984
0.020000 0.363679 0.048559
0.020010 0.377650 0.065303
0.020030 0.414211 0.047323
0.067000 0.423452 0.053722
0.100000 0.392079 0.153332
0.100010 0.411354 0.037726
0.100020 0.451815 0.128571
0.150000 0.495119 0.144431
0.170000 0.456727 0.060782
0.180000 0.485870 0.089501
0.250000 0.535054 0.056285
0.250010 0.304484 0.060076
0.300000 0.431745 0.057395
0.310000 0.451567 0.100497
0.320000 0.493338 0.098074
0.320010 0.493441 0.100042
0.320020 0.443339 0.056993
0.350000 0.455890 0.051307
0.350010 0.459440 0.088587
0.360000 0.457745 0.097849
0.370000 0.458415 0.038044
0.370010 0.435938 0.057775
0.380000 0.460902 0.060135
0.380010 0.469785 0.043687
0.380020 0.447476 0.050692
0.400000 0.431990 0.040210
0.400010 0.467631 0.086161
0.440000 0.458990 0.080197
0.440010 0.472657 0.075203
0.480000 0.446959 0.067899
0.500000 0.454328 0.042098
0.510000 0.462026 0.037885
0.510010 0.454673 0.049534
0.520000 0.469537 0.064864
0.560000 0.457568 0.067482
0.570000 0.420268 0.045022
0.570010 0.412597 0.028848
0.590000 0.478804 0.058918
0.590010 0.472426 0.065751
0.600000 0.451906 0.063453
0.600010 0.403514 0.066865
0.600020 0.496079 0.119680
0.600030 0.337788 0.116972
0.610000 0.516605 0.033333
0.610010 0.444929 0.045270
0.640000 0.473786 0.070919
0.727000 0.482317 0.078894
0.730000 0.457013 0.073477
0.760000 0.490239 0.041594
0.770000 0.457725 0.178601
0.800000 0.448577 0.084964
0.850000 0.442237 0.110700
0.860000 0.447324 0.099365
0.860010 0.430673 0.107899
0.978000 0.430842 0.176911
1.050000 0.519972 0.079423
1.230000 0.463737 0.098177
1.400000 0.496514 0.114852
1.520000 0.417049 0.077939
1.520010 0.442838 0.076545
1.526000 0.333669 0.068668
1.944000 0.458553 0.109583
