0.001000 0.245186 0.083851
0.020000 0.328333 0.048111
0.020010 0.360794 0.063568
0.020030 0.297365 0.043902
0.067000 0.324411 0.055708
0.100000 0.511612 0.165553
0.100010 0.460288 0.036746
0.100020 0.486627 0.129884
0.150000 0.409659 0.143637
0.170000 0.397694 0.061201
0.180000 0.535645 0.089107
0.250000 0.331759 0.058825
0.250010 0.293307 0.059584
0.300000 0.465737 0.054339
0.310000 0.465075 0.098790
0.320000 0.483087 0.094335
0.320010 0.481164 0.095764
0.320020 0.461613 0.053897
0.350000 0.451679 0.051243
0.350010 0.410933 0.090246
0.360000 0.446501 0.093534
0.370000 0.459505 0.037027
0.370010 0.393289 0.059812
0.380000 0.454674 0.059029
0.380010 0.432706 0.043718
0.380020 0.448715 0.048368
0.400000 0.380559 0.040224
0.400010 0.440612 0.087132
0.440000 0.509051 0.079602
0.440010 0.487336 0.077248
0.480000 0.448801 0.068024
0.500000 0.470525 0.043563
0.510000 0.460605 0.037304
0.510010 0.443440 0.049304
0.520000 0.428250 0.065250
0.560000 0.477787 0.069984
0.570000 0.508368 0.045638
0.570010 0.426860 0.028961
0.590000 0.426502 0.060600
0.590010 0.469296 0.065614
0.600000 0.484292 0.061552
0.600010 0.509357 0.067314
0.600020 0.461931 0.117318
0.600030 0.345881 0.121353
0.610000 0.455707 0.034949
0.610010 0.390103 0.042584
0.640000 0.473546 0.069000
0.727000 0.459765 0.077856
0.730000 0.455769 0.071367
0.760000 0.458067 0.040099
0.770000 0.469061 0.179129
0.800000 0.457316 0.079441
0.850000 0.442840 0.104907
0.860000 0.420620 0.097085
0.860010 0.477945 0.106900
0.978000 0.386752 0.176523
1.050000 0.421568 0.079865
1.230000 0.416552 0.098908
1.400000 0.435803 0.115880
1.520000 0.417940 0.079661
1.520010 0.366238 0.075033
1.526000 0.403832 0.070803
1.944000 0.314374 0.106573
