0.001000 0.271734 0.087008
0.020000 0.319736 0.047542
0.020010 0.366521 0.064174
0.020030 0.275668 0.047392
0.067000 0.443598 0.054968
0.100000 0.341248 0.155352
0.100010 0.363916 0.038916
0.100020 0.426887 0.130641
0.150000 0.406225 0.143345
0.170000 0.418523 0.059219
0.180000 0.446281 0.093453
0.250000 0.566565 0.059832
0.250010 0.563402 0.059175
0.300000 0.427117 0.053934
0.310000 0.479688 0.095482
0.320000 0.623396 0.090205
0.320010 0.413125 0.100578
0.320020 0.463993 0.051799
0.350000 0.475615 0.050153
0.350010 0.450278 0.092116
0.360000 0.464095 0.096612
0.370000 0.461434 0.037096
0.370010 0.496366 0.057913
0.380000 0.477043 0.059710
0.380010 0.375783 0.044109
0.380020 0.473611 0.051764
0.400000 0.481236 0.042431
0.400010 0.461013 0.084754
0.440000 0.397542 0.081410
0.440010 0.491275 0.075518
0.480000 0.502529 0.065614
0.500000 0.499192 0.043048
0.510000 0.457731 0.038377
0.510010 0.446194 0.049045
0.520000 0.488461 0.065373
0.560000 0.463155 0.064857
0.570000 0.485926 0.045340
0.570010 0.410680 0.029274
0.590000 0.472905 0.059400
0.590010 0.463791 0.063958
0.600000 0.440328 0.061662
0.600010 0.425159 0.065955
0.600020 0.449727 0.114558
0.600030 0.573907 0.119452
0.610000 0.474679 0.035067
0.610010 0.403519 0.045187
0.640000 0.455255 0.068690
0.727000 0.540979 0.077240
0.730000 0.454597 0.071739
0.760000 0.490766 0.038312
0.770000 0.495045 0.177186
0.800000 0.447969 0.081251
0.850000 0.438380 0.110285
0.860000 0.370771 0.099234
0.860010 0.410433 0.113962
0.978000 0.407038 0.179114
1.050000 0.341211 0.079683
1.230000 0.390133 0.099218
1.400000 0.392091 0.119602
1.520000 0.421522 0.076206
1.520010 0.388218 0.080534
1.526000 0.468437 0.068666
1.944000 0.426592 0.104530
