0.001000 0.305693 0.085580
0.020000 0.355310 0.050004
0.020010 0.410364 0.066322
0.020030 0.316924 0.045448
0.067000 0.347503 0.054265
0.100000 0.477401 0.158546
0.100010 0.394172 0.038539
0.100020 0.352022 0.127845
0.150000 0.451783 0.138968
0.170000 0.528244 0.060878
0.180000 0.446234 0.090217
0.250000 0.347039 0.056069
0.250010 0.480246 0.059823
0.300000 0.403595 0.053400
0.310000 0.434482 0.094219
0.320000 0.473084 0.092545
0.320010 0.459112 0.100819
0.320020 0.492050 0.055976
0.350000 0.446391 0.050910
0.350010 0.445938 0.090727
0.360000 0.490836 0.097872
0.370000 0.460541 0.038342
0.370010 0.406725 0.058199
0.380000 0.427136 0.060495
0.380010 0.438195 0.045372
0.380020 0.440813 0.049374
0.400000 0.429511 0.041116
0.400010 0.461221 0.086620
0.440000 0.456521 0.081956
0.440010 0.428404 0.076579
0.480000 0.475965 0.067400
0.500000 0.455113 0.042913
0.510000 0.473135 0.037358
0.510010 0.462013 0.049152
0.520000 0.475165 0.064786
0.560000 0.474605 0.066999
0.570000 0.464143 0.045869
0.570010 0.426750 0.030316
0.590000 0.425699 0.059938
0.590010 0.452820 0.066970
0.600000 0.432998 0.061314
0.600010 0.458407 0.068121
0.600020 0.450691 0.120525
0.600030 0.517132 0.119936
0.610000 0.486410 0.034901
0.610010 0.463760 0.044511
0.640000 0.427510 0.068733
0.727000 0.675897 0.075439
0.730000 0.455015 0.073182
0.760000 0.447560 0.039221
0.770000 0.451761 0.184213
0.800000 0.428518 0.085232
0.850000 0.444427 0.111105
0.860000 0.462307 0.101002
0.860010 0.432891 0.113834
0.978000 0.413098 0.169876
1.050000 0.574790 0.080853
1.230000 0.457481 0.097645
1.400000 0.437021 0.112097
1.520000 0.409793 0.076574
1.520010 0.406896 0.076207
1.526000 0.485549 0.072528
1.944000 0.391202 0.109207
