0.001000 0.332506 0.089706
0.020000 0.422069 0.050388
0.020010 0.424105 0.065969
0.020030 0.420652 0.048113
0.067000 0.384699 0.054698
0.100000 0.268284 0.156747
0.100010 0.441672 0.037856
0.100020 0.349346 0.130372
0.150000 0.496024 0.149619
0.170000 0.345310 0.059013
0.180000 0.283108 0.092957
0.250000 0.419642 0.056843
0.250010 0.633574 0.061623
0.300000 0.419445 0.054564
0.310000 0.470870 0.098041
0.320000 0.548394 0.094928
0.320010 0.477268 0.102809
0.320020 0.503289 0.058245
0.350000 0.453743 0.049458
0.350010 0.468057 0.090749
0.360000 0.449929 0.097591
0.370000 0.460518 0.037621
0.370010 0.626283 0.056331
0.380000 0.460392 0.059454
0.380010 0.456987 0.045218
0.380020 0.437614 0.049761
0.400000 0.402291 0.040818
0.400010 0.451029 0.085961
0.440000 0.379061 0.082872
0.440010 0.466819 0.074966
0.480000 0.489972 0.069068
0.500000 0.440311 0.043409
0.510000 0.456029 0.038355
0.510010 0.461715 0.050153
0.520000 0.470421 0.066409
0.560000 0.432595 0.065304
0.570000 0.476574 0.045998
0.570010 0.503393 0.029364
0.590000 0.413350 0.060086
0.590010 0.483756 0.065685
0.600000 0.569269 0.060425
0.600010 0.420063 0.066336
0.600020 0.452512 0.119757
0.600030 0.504789 0.116752
0.610000 0.446409 0.032429
0.610010 0.516409 0.042678
0.640000 0.449063 0.069060
0.727000 0.477345 0.077840
0.730000 0.488668 0.067995
0.760000 0.498084 0.040015
0.770000 0.456640 0.182586
0.800000 0.434136 0.077073
0.850000 0.449822 0.113199
0.860000 0.457276 0.101987
0.860010 0.424546 0.110295
0.978000 0.402271 0.174587
1.050000 0.116816 0.080615
1.230000 0.408664 0.099769
1.400000 0.408823 0.117186
1.520000 0.420400 0.078222
1.520010 0.428724 0.076113
1.526000 0.424083 0.068698
1.944000 0.422515 0.104344
