0.001000 0.573777 0.084435
0.020000 0.326839 0.049394
0.020010 0.362681 0.065489
0.020030 0.389073 0.047324
0.067000 0.409621 0.053539
0.100000 0.519710 0.157810
0.100010 0.383331 0.038445
0.100020 0.422415 0.129947
0.150000 0.443222 0.148411
0.170000 0.483286 0.062261
0.180000 0.378054 0.090146
0.250000 0.651520 0.056397
0.250010 0.593541 0.057474
0.300000 0.472431 0.055929
0.310000 0.447783 0.100397
0.320000 0.498115 0.095095
0.320010 0.471283 0.104281
0.320020 0.495014 0.055589
0.350000 0.477642 0.050905
0.350010 0.510157 0.087637
0.360000 0.457755 0.096401
0.370000 0.460760 0.037915
0.370010 0.503872 0.057289
0.380000 0.464612 0.061149
0.380010 0.437821 0.045247
0.380020 0.450496 0.051486
0.400000 0.499691 0.041128
0.400010 0.464259 0.088375
0.440000 0.440865 0.081148
0.440010 0.488377 0.075946
0.480000 0.476755 0.069639
0.500000 0.480513 0.042678
0.510000 0.467079 0.037795
0.510010 0.463447 0.050759
0.520000 0.437071 0.063854
0.560000 0.455150 0.064555
0.570000 0.465195 0.046269
0.570010 0.506982 0.027694
0.590000 0.458340 0.061728
0.590010 0.490138 0.065195
0.600000 0.557816 0.060263
0.600010 0.463505 0.067309
0.600020 0.463606 0.119602
0.600030 0.381140 0.122148
0.610000 0.466940 0.033438
0.610010 0.458981 0.043129
0.640000 0.465331 0.067625
0.727000 0.385212 0.077777
0.730000 0.455822 0.073128
0.760000 0.465822 0.038913
0.770000 0.458362 0.182744
0.800000 0.466034 0.081989
0.850000 0.446713 0.110167
0.860000 0.424922 0.098971
0.860010 0.444203 0.111054
0.978000 0.491561 0.180412
1.050000 0.450837 0.078309
1.230000 0.407035 0.100179
1.400000 0.478243 0.115804
1.520000 0.404919 0.077406
1.520010 0.475123 0.081329
1.526000 0.546098 0.070679
1.944000 0.425197 0.108937
