0.001000 0.455277 0.085805
0.020000 0.336024 0.048150
0.020010 0.409112 0.064808
0.020030 0.358262 0.045816
0.067000 0.315794 0.054615
0.100000 0.309204 0.161984
0.100010 0.404405 0.038542
0.100020 0.314462 0.133520
0.150000 0.431151 0.148239
0.170000 0.401619 0.061042
0.180000 0.489158 0.090372
0.250000 0.488907 0.055962
0.250010 0.491671 0.056909
0.300000 0.471665 0.057504
0.310000 0.458705 0.095017
0.320000 0.510120 0.092338
0.320010 0.448565 0.101538
0.320020 0.510338 0.056804
0.350000 0.484073 0.051111
0.350010 0.457770 0.087404
0.360000 0.453464 0.096673
0.370000 0.461210 0.037601
0.370010 0.524659 0.058025
0.380000 0.474738 0.058345
0.380010 0.476377 0.046089
0.380020 0.478826 0.051060
0.400000 0.403050 0.039460
0.400010 0.455273 0.083911
0.440000 0.535681 0.079155
0.440010 0.453424 0.074735
0.480000 0.462696 0.064055
0.500000 0.448908 0.043738
0.510000 0.465762 0.038368
0.510010 0.489151 0.049425
0.520000 0.481172 0.066276
0.560000 0.497879 0.062722
0.570000 0.518134 0.044351
0.570010 0.426762 0.029052
0.590000 0.494214 0.059009
0.590010 0.462191 0.068111
0.600000 0.483557 0.065570
0.600010 0.492539 0.066580
0.600020 0.485707 0.119391
0.600030 0.430549 0.119271
0.610000 0.467374 0.033703
0.610010 0.519061 0.044952
0.640000 0.469240 0.068663
0.727000 0.269940 0.076866
0.730000 0.454763 0.074218
0.760000 0.471122 0.040714
0.770000 0.387854 0.178758
0.800000 0.463314 0.076995
0.850000 0.447926 0.110633
0.860000 0.445919 0.103853
0.860010 0.438971 0.103722
0.978000 0.478667 0.173371
1.050000 0.344312 0.080190
1.230000 0.422563 0.097786
1.400000 0.460389 0.120192
1.520000 0.418894 0.077015
1.520010 0.421550 0.077228
1.526000 0.464357 0.068052
1.944000 0.345715 0.107499
