0.001000 0.322554 0.084269
0.020000 0.349054 0.048101
0.020010 0.329972 0.066492
0.020030 0.370906 0.046039
0.067000 0.415173 0.053814
0.100000 0.462076 0.157729
0.100010 0.359954 0.037774
0.100020 0.501585 0.131661
0.150000 0.439939 0.142837
0.170000 0.355504 0.060033
0.180000 0.395221 0.088897
0.250000 0.480853 0.057449
0.250010 0.410895 0.061230
0.300000 0.464489 0.054057
0.310000 0.469052 0.096286
0.320000 0.534600 0.097305
0.320010 0.480838 0.099224
0.320020 0.463997 0.057244
0.350000 0.452231 0.050491
0.350010 0.454486 0.090001
0.360000 0.483970 0.093342
0.370000 0.457255 0.037397
0.370010 0.399427 0.059219
0.380000 0.461171 0.062382
0.380010 0.510256 0.043341
0.380020 0.458434 0.051407
0.400000 0.453224 0.042461
0.400010 0.454977 0.085838
0.440000 0.475159 0.080564
0.440010 0.461407 0.077538
0.480000 0.472567 0.066348
0.500000 0.453602 0.042077
0.510000 0.460886 0.038949
0.510010 0.467946 0.051075
0.520000 0.512556 0.065013
0.560000 0.463705 0.066589
0.570000 0.464466 0.044436
0.570010 0.457685 0.028213
0.590000 0.432482 0.062255
0.590010 0.463308 0.066165
0.600000 0.472578 0.064874
0.600010 0.437898 0.063225
0.600020 0.480279 0.118322
0.600030 0.460595 0.117982
0.610000 0.441791 0.033382
0.610010 0.440059 0.043226
0.640000 0.436711 0.072098
0.727000 0.076704 0.075813
0.730000 0.483694 0.073609
0.760000 0.438588 0.040629
0.770000 0.480480 0.178841
0.800000 0.448286 0.077051
0.850000 0.449319 0.105169
0.860000 0.473479 0.100792
0.860010 0.383333 0.108160
0.978000 0.409611 0.174391
1.050000 0.495006 0.078308
1.230000 0.375137 0.098025
1.400000 0.415379 0.113718
1.520000 0.405612 0.074472
1.520010 0.406395 0.079282
1.526000 0.383164 0.069007
1.944000 0.421444 0.106391
