0.001000 0.238771 0.083705
0.020000 0.437367 0.049830
0.020010 0.424890 0.066354
0.020030 0.448351 0.046291
0.067000 0.419753 0.054618
0.100000 0.429535 0.157773
0.100010 0.415293 0.038312
0.100020 0.440649 0.131852
0.150000 0.396486 0.145874
0.170000 0.545560 0.060386
0.180000 0.399083 0.086683
0.250000 0.515146 0.055796
0.250010 0.461526 0.060877
0.300000 0.408234 0.058342
0.310000 0.441015 0.093435
0.320000 0.535369 0.096371
0.320010 0.424294 0.101249
0.320020 0.457521 0.057685
0.350000 0.472922 0.048206
0.350010 0.446744 0.089388
0.360000 0.462970 0.093132
0.370000 0.459829 0.037251
0.370010 0.475737 0.057687
0.380000 0.481503 0.061124
0.380010 0.475167 0.043525
0.380020 0.451815 0.049198
0.400000 0.426095 0.040428
0.400010 0.472895 0.086688
0.440000 0.438625 0.080670
0.440010 0.497907 0.076358
0.480000 0.474663 0.068537
0.500000 0.504397 0.043704
0.510000 0.466202 0.037907
0.510010 0.446171 0.050278
0.520000 0.471871 0.063446
0.560000 0.464462 0.063637
0.570000 0.467248 0.044974
0.570010 0.456046 0.030243
0.590000 0.462955 0.063451
0.590010 0.463919 0.069100
0.600000 0.446512 0.062610
0.600010 0.473506 0.065614
0.600020 0.453411 0.120781
0.600030 0.421768 0.121453
0.610000 0.457695 0.033949
0.610010 0.435434 0.044146
0.640000 0.472065 0.071758
0.727000 0.624825 0.075979
0.730000 0.448666 0.068385
0.760000 0.434757 0.039819
0.770000 0.492706 0.182523
0.800000 0.469400 0.078288
0.850000 0.451651 0.110706
0.860000 0.428920 0.098140
0.860010 0.391243 0.107971
0.978000 0.387467 0.177758
1.050000 0.392631 0.080441
1.230000 0.455567 0.102611
1.400000 0.443541 0.114632
1.520000 0.412347 0.076446
1.520010 0.412457 0.079833
1.526000 0.533359 0.069521
1.944000 0.378291 0.108388
