0.001000 0.252077 0.085443
0.020000 0.351409 0.049501
0.020010 0.326236 0.064787
0.020030 0.463711 0.047516
0.067000 0.396564 0.052954
0.100000 0.415036 0.162037
0.100010 0.375670 0.038047
0.100020 0.460064 0.128927
0.150000 0.390238 0.156171
0.170000 0.250874 0.062272
0.180000 0.393195 0.089771
0.250000 0.506752 0.059337
0.250010 0.443167 0.062334
0.300000 0.441143 0.054079
0.310000 0.438454 0.097042
0.320000 0.412219 0.092444
0.320010 0.492295 0.101788
0.320020 0.482136 0.055953
0.350000 0.441213 0.051680
0.350010 0.456949 0.088346
0.360000 0.456061 0.094765
0.370000 0.461117 0.038792
0.370010 0.437377 0.059742
0.380000 0.467334 0.060102
0.380010 0.495581 0.044003
0.380020 0.472863 0.051702
0.400000 0.487915 0.043026
0.400010 0.468072 0.081860
0.440000 0.426892 0.077792
0.440010 0.443985 0.077597
0.480000 0.451195 0.068786
0.500000 0.482193 0.041764
0.510000 0.464685 0.037438
0.510010 0.467779 0.052060
0.520000 0.477530 0.065173
0.560000 0.457817 0.067026
0.570000 0.524577 0.045036
0.570010 0.499244 0.028955
0.590000 0.479850 0.057329
0.590010 0.417206 0.065183
0.600000 0.277778 0.063986
0.600010 0.379978 0.066685
0.600020 0.453211 0.116044
0.600030 0.445252 0.113777
0.610000 0.475191 0.034572
0.610010 0.512245 0.042193
0.640000 0.470365 0.072139
0.727000 0.659258 0.076017
0.730000 0.425965 0.069121
0.760000 0.441248 0.038756
0.770000 0.460453 0.186832
0.800000 0.453279 0.078674
0.850000 0.450007 0.112540
0.860000 0.461063 0.104206
0.860010 0.372446 0.110475
0.978000 0.440259 0.175368
1.050000 0.707109 0.078352
1.230000 0.368101 0.098408
1.400000 0.309064 0.113343
1.520000 0.421789 0.075026
1.520010 0.429310 0.079569
1.526000 0.347101 0.069497
1.944000 0.449652 0.106782
