0.001000 0.225055 0.086395
0.020000 0.432423 0.048121
0.020010 0.382851 0.067182
0.020030 0.298537 0.045711
0.067000 0.391437 0.056304
0.100000 0.381217 0.158282
0.100010 0.363949 0.038589
0.100020 0.390579 0.126778
0.150000 0.454462 0.143529
0.170000 0.512200 0.059988
0.180000 0.479687 0.088534
0.250000 0.428472 0.059428
0.250010 0.465529 0.063203
0.300000 0.532793 0.057811
0.310000 0.448126 0.098233
0.320000 0.545614 0.094830
0.320010 0.434149 0.098748
0.320020 0.429642 0.055622
0.350000 0.444776 0.049282
0.350010 0.445526 0.085393
0.360000 0.466877 0.101474
0.370000 0.459860 0.037657
0.370010 0.378007 0.056491
0.380000 0.448154 0.060941
0.380010 0.454596 0.045763
0.380020 0.443088 0.050525
0.400000 0.442345 0.040287
0.400010 0.476788 0.086341
0.440000 0.433966 0.077384
0.440010 0.455926 0.077147
0.480000 0.463860 0.064387
0.500000 0.455768 0.043223
0.510000 0.468885 0.038993
0.510010 0.470336 0.049569
0.520000 0.433865 0.066767
0.560000 0.484187 0.067682
0.570000 0.470501 0.046463
0.570010 0.476599 0.028445
0.590000 0.463010 0.061758
0.590010 0.468393 0.063194
0.600000 0.534475 0.062069
0.600010 0.499069 0.067628
0.600020 0.476121 0.121201
0.600030 0.406718 0.113066
0.610000 0.426186 0.033648
0.610010 0.427421 0.043752
0.640000 0.503376 0.067013
0.727000 0.626715 0.076998
0.730000 0.445761 0.073645
0.760000 0.462329 0.039777
0.770000 0.455575 0.185789
0.800000 0.466693 0.076795
0.850000 0.446304 0.108429
0.860000 0.481695 0.097080
0.860010 0.423902 0.112723
0.978000 0.365676 0.176048
1.050000 0.479291 0.078592
1.230000 0.440260 0.102661
1.400000 0.439236 0.112342
1.520000 0.417485 0.074749
1.520010 0.398478 0.077742
1.526000 0.399005 0.069477
1.944000 0.461025 0.108197
