0.001000 0.259562 0.082253
0.020000 0.381633 0.047861
0.020010 0.420067 0.064839
0.020030 0.311278 0.046917
0.067000 0.423496 0.057204
0.100000 0.369153 0.161717
0.100010 0.405051 0.036844
0.100020 0.488908 0.130039
0.150000 0.473365 0.145796
0.170000 0.438004 0.062111
0.180000 0.587764 0.092320
0.250000 0.527566 0.054848
0.250010 0.396973 0.057496
0.300000 0.456351 0.055313
0.310000 0.448456 0.098028
0.320000 0.546696 0.101187
0.320010 0.454291 0.094752
0.320020 0.454894 0.056155
0.350000 0.494016 0.046728
0.350010 0.465567 0.088886
0.360000 0.463661 0.095893
0.370000 0.459509 0.037354
0.370010 0.374910 0.059246
0.380000 0.466965 0.062052
0.380010 0.453956 0.045353
0.380020 0.448625 0.051365
0.400000 0.453450 0.041293
0.400010 0.487465 0.083580
0.440000 0.398350 0.079823
0.440010 0.445160 0.075924
0.480000 0.460514 0.067910
0.500000 0.423899 0.042941
0.510000 0.468713 0.037847
0.510010 0.435178 0.047894
0.520000 0.441901 0.065338
0.560000 0.493748 0.067987
0.570000 0.530875 0.045349
0.570010 0.506794 0.030194
0.590000 0.457009 0.062144
0.590010 0.478495 0.065301
0.600000 0.438207 0.061335
0.600010 0.409662 0.068831
0.600020 0.478710 0.122383
0.600030 0.493317 0.115346
0.610000 0.528064 0.033937
0.610010 0.391547 0.044884
0.640000 0.475550 0.070753
0.727000 0.669734 0.077596
0.730000 0.459232 0.070545
0.760000 0.473337 0.039403
0.770000 0.480676 0.184002
0.800000 0.469883 0.079548
0.850000 0.440162 0.107854
0.860000 0.424755 0.094107
0.860010 0.440691 0.110241
0.978000 0.443263 0.176805
1.050000 0.336268 0.082487
1.230000 0.483254 0.098272
1.400000 0.427957 0.112359
1.520000 0.416040 0.075222
1.520010 0.408684 0.083080
1.526000 0.364072 0.068168
1.944000 0.432690 0.104894
