0.001000 0.168286 0.083900
0.020000 0.354625 0.050319
0.020010 0.345380 0.064432
0.020030 0.370539 0.046357
0.067000 0.364216 0.056445
0.100000 0.427828 0.157791
0.100010 0.516483 0.037152
0.100020 0.325328 0.135919
0.150000 0.464738 0.147269
0.170000 0.459182 0.058108
0.180000 0.357154 0.091259
0.250000 0.309633 0.059217
0.250010 0.504200 0.060386
0.300000 0.430177 0.054009
0.310000 0.487541 0.098445
0.320000 0.407652 0.096683
0.320010 0.457440 0.096869
0.320020 0.504728 0.058411
0.350000 0.466121 0.048880
0.350010 0.438738 0.090513
0.360000 0.456234 0.096456
0.370000 0.457969 0.038647
0.370010 0.520343 0.058561
0.380000 0.446823 0.058052
0.380010 0.432479 0.045376
0.380020 0.447776 0.050350
0.400000 0.432465 0.040880
0.400010 0.459719 0.084848
0.440000 0.408552 0.079212
0.440010 0.456867 0.074915
0.480000 0.472395 0.064767
0.500000 0.505387 0.043086
0.510000 0.459441 0.038024
0.510010 0.426967 0.048193
0.520000 0.480847 0.063052
0.560000 0.465274 0.066030
0.570000 0.494800 0.044120
0.570010 0.454922 0.027955
0.590000 0.479445 0.059016
0.590010 0.437617 0.066515
0.600000 0.391463 0.062481
0.600010 0.470859 0.066148
0.600020 0.464023 0.115468
0.600030 0.367559 0.117307
0.610000 0.428383 0.033733
0.610010 0.436913 0.044914
0.640000 0.502738 0.069017
0.727000 0.663579 0.076385
0.730000 0.481094 0.073788
0.760000 0.452704 0.038653
0.770000 0.423302 0.180603
0.800000 0.473402 0.078786
0.850000 0.448776 0.111184
0.860000 0.476293 0.100448
0.860010 0.375873 0.104924
0.978000 0.461791 0.175095
1.050000 0.596620 0.082691
1.230000 0.380757 0.098644
1.400000 0.327978 0.115578
1.520000 0.415431 0.073916
1.520010 0.399141 0.081419
1.526000 0.459766 0.072289
1.944000 0.422692 0.104084
