0.001000 0.117592 0.083424
0.020000 0.372383 0.046376
0.020010 0.395388 0.064895
0.020030 0.404678 0.047194
0.067000 0.387138 0.055488
0.100000 0.311708 0.162931
0.100010 0.437705 0.036323
0.100020 0.382206 0.133629
0.150000 0.442033 0.144221
0.170000 0.413715 0.059194
0.180000 0.507862 0.090019
0.250000 0.415114 0.056330
0.250010 0.365662 0.059719
0.300000 0.453070 0.053383
0.310000 0.462795 0.093890
0.320000 0.541511 0.095371
0.320010 0.403861 0.103654
0.320020 0.521056 0.055720
0.350000 0.480080 0.049840
0.350010 0.475475 0.089063
0.360000 0.462381 0.099276
0.370000 0.460179 0.036976
0.370010 0.467606 0.059442
0.380000 0.484455 0.059891
0.380010 0.465684 0.045799
0.380020 0.426407 0.051271
0.400000 0.530351 0.041474
0.400010 0.459365 0.085039
0.440000 0.392714 0.077639
0.440010 0.446990 0.078411
0.480000 0.416710 0.066905
0.500000 0.476587 0.043031
0.510000 0.470230 0.038093
0.510010 0.465130 0.049956
0.520000 0.467384 0.063347
0.560000 0.467899 0.064788
0.570000 0.415921 0.045288
0.570010 0.482146 0.027493
0.590000 0.476502 0.060442
0.590010 0.444269 0.066078
0.600000 0.272275 0.064891
0.600010 0.435827 0.066007
0.600020 0.453551 0.118445
0.600030 0.570772 0.119962
0.610000 0.455993 0.034020
0.610010 0.484563 0.043239
0.640000 0.442281 0.071403
0.727000 0.377008 0.074512
0.730000 0.469854 0.072775
0.760000 0.498807 0.038156
0.770000 0.496980 0.173515
0.800000 0.447896 0.082238
0.850000 0.438666 0.109876
0.860000 0.404098 0.101679
0.860010 0.471034 0.110954
0.978000 0.353298 0.174034
1.050000 0.444995 0.079550
1.230000 0.433208 0.099287
1.400000 0.347964 0.117323
1.520000 0.409039 0.074593
1.520010 0.397691 0.079761
1.526000 0.501444 0.071283
1.944000 0.433836 0.105108
