0.001000 0.518865 0.085288
0.020000 0.432538 0.049099
0.020010 0.363933 0.066894
0.020030 0.421519 0.045681
0.067000 0.428664 0.055804
0.100000 0.584606 0.154820
0.100010 0.397832 0.037539
0.100020 0.468448 0.126054
0.150000 0.548506 0.141156
0.170000 0.402744 0.057409
0.180000 0.368495 0.089596
0.250000 0.561725 0.056795
0.250010 0.450153 0.059086
0.300000 0.489815 0.054148
0.310000 0.473631 0.099674
0.320000 0.452055 0.095265
0.320010 0.444037 0.098899
0.320020 0.423440 0.057781
0.350000 0.449758 0.051855
0.350010 0.497011 0.089931
0.360000 0.450494 0.096456
0.370000 0.459935 0.035657
0.370010 0.449758 0.056696
0.380000 0.468734 0.061672
0.380010 0.483110 0.045245
0.380020 0.424243 0.050698
0.400000 0.504860 0.041144
0.400010 0.457034 0.083524
0.440000 0.560753 0.080585
0.440010 0.455656 0.075374
0.480000 0.492843 0.067376
0.500000 0.431420 0.041817
0.510000 0.468732 0.039189
0.510010 0.477946 0.048974
0.520000 0.463161 0.065421
0.560000 0.459992 0.065029
0.570000 0.514350 0.043978
0.570010 0.445928 0.029218
0.590000 0.474403 0.059750
0.590010 0.463754 0.063586
0.600000 0.480693 0.062119
0.600010 0.498287 0.064395
0.600020 0.433298 0.118278
0.600030 0.410021 0.118901
0.610000 0.462832 0.033453
0.610010 0.496735 0.044088
0.640000 0.471882 0.071018
0.727000 0.563789 0.074325
0.730000 0.471631 0.072947
0.760000 0.478752 0.038741
0.770000 0.474938 0.175255
0.800000 0.462706 0.081171
0.850000 0.441493 0.108012
0.860000 0.427458 0.098108
0.860010 0.391911 0.109312
0.978000 0.354623 0.175365
1.050000 0.499956 0.079335
1.230000 0.462349 0.101322
1.400000 0.410592 0.114868
1.520000 0.417902 0.076400
1.520010 0.449958 0.077963
1.526000 0.372822 0.069141
1.944000 0.364482 0.109739
