0.001000 0.253954 0.082077
0.020000 0.331652 0.046318
0.020010 0.387476 0.067455
0.020030 0.383536 0.048021
0.067000 0.387543 0.055254
0.100000 0.390331 0.162582
0.100010 0.444400 0.037705
0.100020 0.506157 0.128324
0.150000 0.353889 0.138069
0.170000 0.435209 0.059076
0.180000 0.487076 0.091614
0.250000 0.365887 0.058341
0.250010 0.431722 0.059902
0.300000 0.444128 0.054459
0.310000 0.449523 0.096969
0.320000 0.454771 0.095720
0.320010 0.478757 0.100914
0.320020 0.424211 0.056256
0.350000 0.463413 0.049236
0.350010 0.431945 0.087340
0.360000 0.476334 0.095249
0.370000 0.460505 0.037133
0.370010 0.464654 0.060771
0.380000 0.474523 0.062001
0.380010 0.440148 0.042753
0.380020 0.463658 0.050234
0.400000 0.400704 0.040788
0.400010 0.464636 0.087641
0.440000 0.404007 0.075508
0.440010 0.440791 0.075943
0.480000 0.466097 0.068895
0.500000 0.394896 0.042173
0.510000 0.459622 0.036586
0.510010 0.463347 0.050036
0.520000 0.453705 0.065498
0.560000 0.448526 0.068273
0.570000 0.452207 0.044786
0.570010 0.465195 0.030701
0.590000 0.477373 0.063582
0.590010 0.457260 0.066626
0.600000 0.468211 0.060450
0.600010 0.437984 0.066714
0.600020 0.449313 0.120615
0.600030 0.460236 0.117530
0.610000 0.476244 0.034607
0.610010 0.465753 0.042899
0.640000 0.480091 0.068755
0.727000 0.458024 0.076449
0.730000 0.462097 0.072564
0.760000 0.476451 0.039366
0.770000 0.427930 0.183539
0.800000 0.445232 0.082751
0.850000 0.450253 0.106869
0.860000 0.445110 0.102458
0.860010 0.543726 0.111095
0.978000 0.359867 0.172833
1.050000 0.600392 0.082666
1.230000 0.470641 0.095202
1.400000 0.405147 0.114902
1.520000 0.417442 0.074892
1.520010 0.409772 0.078037
1.526000 0.433057 0.068277
1.944000 0.394135 0.107915
