0.001000 0.639398 0.083456
0.020000 0.312864 0.049366
0.020010 0.370626 0.067204
0.020030 0.433450 0.047006
0.067000 0.439930 0.054378
0.100000 0.489374 0.164131
0.100010 0.428711 0.038552
0.100020 0.446876 0.129196
0.150000 0.285221 0.142628
0.170000 0.368146 0.059909
0.180000 0.612143 0.091361
0.250000 0.625447 0.056031
0.250010 0.474276 0.058789
0.300000 0.433901 0.053016
0.310000 0.451252 0.095451
0.320000 0.429509 0.095591
0.320010 0.437967 0.098622
0.320020 0.465457 0.056127
0.350000 0.459030 0.051111
0.350010 0.490164 0.091339
0.360000 0.481600 0.098725
0.370000 0.460242 0.038717
0.370010 0.425345 0.056245
0.380000 0.499135 0.058041
0.380010 0.431349 0.044774
0.380020 0.464914 0.050472
0.400000 0.496745 0.039908
0.400010 0.469255 0.086402
0.440000 0.457102 0.081647
0.440010 0.480660 0.076520
0.480000 0.488452 0.068139
0.500000 0.506285 0.043451
0.510000 0.463946 0.037519
0.510010 0.455837 0.050503
0.520000 0.514528 0.065413
0.560000 0.486570 0.064775
0.570000 0.465195 0.044443
0.570010 0.460563 0.028831
0.590000 0.476133 0.060598
0.590010 0.476277 0.067302
0.600000 0.544130 0.062883
0.600010 0.456967 0.066849
0.600020 0.462249 0.121638
0.600030 0.540237 0.116633
0.610000 0.480005 0.033293
0.610010 0.457169 0.042815
0.640000 0.416430 0.070224
0.727000 0.610524 0.075177
0.730000 0.462149 0.070364
0.760000 0.470304 0.039181
0.770000 0.440823 0.182793
0.800000 0.457767 0.080316
0.850000 0.444457 0.109213
0.860000 0.425868 0.102049
0.860010 0.487014 0.111308
0.978000 0.434419 0.179223
1.050000 0.602711 0.084665
1.230000 0.437229 0.101574
1.400000 0.452532 0.113965
1.520000 0.415538 0.076347
1.520010 0.403681 0.079279
1.526000 0.496456 0.070327
1.944000 0.312205 0.105623
