0.001000 0.207447 0.085971
0.020000 0.297819 0.047993
0.020010 0.393180 0.065200
0.020030 0.381850 0.046404
0.067000 0.433551 0.055890
0.100000 0.479040 0.157804
0.100010 0.420795 0.037897
0.100020 0.384448 0.134095
0.150000 0.382798 0.150046
0.170000 0.473844 0.061501
0.180000 0.469008 0.091757
0.250000 0.501089 0.060546
0.250010 0.611653 0.060204
0.300000 0.468098 0.056678
0.310000 0.485286 0.096760
0.320000 0.403784 0.098243
0.320010 0.474540 0.101973
0.320020 0.484921 0.055108
0.350000 0.464594 0.051717
0.350010 0.489134 0.085818
0.360000 0.435587 0.098629
0.370000 0.458152 0.036436
0.370010 0.542698 0.059024
0.380000 0.450445 0.061112
0.380010 0.495473 0.045150
0.380020 0.442477 0.049870
0.400000 0.429700 0.042656
0.400010 0.470960 0.086711
0.440000 0.444907 0.082520
0.440010 0.453572 0.074282
0.480000 0.470270 0.063453
0.500000 0.477631 0.043733
0.510000 0.460147 0.037089
0.510010 0.458354 0.051263
0.520000 0.460773 0.066272
0.560000 0.464660 0.067258
0.570000 0.510934 0.043510
0.570010 0.490741 0.028151
0.590000 0.454562 0.059870
0.590010 0.440934 0.065696
0.600000 0.375169 0.063131
0.600010 0.447614 0.066624
0.600020 0.492855 0.119750
0.600030 0.439103 0.122980
0.610000 0.477351 0.035887
0.610010 0.459881 0.043129
0.640000 0.469665 0.070800
0.727000 0.202573 0.073640
0.730000 0.467404 0.069318
0.760000 0.470307 0.040163
0.770000 0.449347 0.184340
0.800000 0.456978 0.080213
0.850000 0.450165 0.111140
0.860000 0.430898 0.100621
0.860010 0.391192 0.111862
0.978000 0.398317 0.179326
1.050000 0.516984 0.083003
1.230000 0.371739 0.098920
1.400000 0.373284 0.111644
1.520000 0.414062 0.075855
1.520010 0.424802 0.080180
1.526000 0.535790 0.068787
1.944000 0.461049 0.100442
