0.001000 0.158953 0.087529
0.020000 0.442119 0.046306
0.020010 0.405910 0.064336
0.020030 0.432991 0.048052
0.067000 0.430237 0.056162
0.100000 0.454017 0.158661
0.100010 0.436117 0.038626
0.100020 0.468524 0.128420
0.150000 0.409301 0.144857
0.170000 0.577635 0.060465
0.180000 0.430257 0.093506
0.250000 0.408644 0.057611
0.250010 0.410570 0.058438
0.300000 0.420170 0.054393
0.310000 0.472986 0.093698
0.320000 0.399970 0.097987
0.320010 0.460132 0.098406
0.320020 0.430677 0.056932
0.350000 0.450151 0.049991
0.350010 0.465471 0.088916
0.360000 0.480776 0.098396
0.370000 0.459466 0.038977
0.370010 0.410761 0.057801
0.380000 0.457764 0.061233
0.380010 0.488514 0.045701
0.380020 0.438450 0.049608
0.400000 0.485337 0.040754
0.400010 0.462062 0.085912
0.440000 0.492314 0.080037
0.440010 0.468538 0.075897
0.480000 0.438921 0.065433
0.500000 0.404256 0.042649
0.510000 0.454383 0.039726
0.510010 0.485356 0.049630
0.520000 0.461963 0.066690
0.560000 0.436544 0.068796
0.570000 0.490988 0.046109
0.570010 0.403947 0.028844
0.590000 0.455833 0.061313
0.590010 0.496345 0.065767
0.600000 0.509987 0.062671
0.600010 0.478860 0.068928
0.600020 0.431581 0.120914
0.600030 0.373186 0.123914
0.610000 0.468675 0.032034
0.610010 0.474404 0.044951
0.640000 0.455554 0.068776
0.727000 0.499916 0.076612
0.730000 0.475810 0.069988
0.760000 0.454553 0.039333
0.770000 0.483150 0.179811
0.800000 0.422052 0.077712
0.850000 0.437461 0.109643
0.860000 0.454623 0.099436
0.860010 0.422588 0.110311
0.978000 0.367130 0.173397
1.050000 0.533632 0.080602
1.230000 0.430048 0.098375
1.400000 0.417306 0.118037
1.520000 0.397882 0.077526
1.520010 0.408620 0.078861
1.526000 0.397330 0.068921
1.944000 0.390848 0.103369
