0.001000 0.192919 0.082597
0.020000 0.451353 0.049528
0.020010 0.357155 0.064979
0.020030 0.427088 0.044845
0.067000 0.308960 0.053869
0.100000 0.373706 0.162639
0.100010 0.425448 0.038955
0.100020 0.285413 0.130253
0.150000 0.406068 0.142111
0.170000 0.354879 0.060159
0.180000 0.504412 0.090937
0.250000 0.430832 0.057104
0.250010 0.510228 0.061481
0.300000 0.407610 0.054866
0.310000 0.451303 0.096339
0.320000 0.466000 0.091890
0.320010 0.470688 0.101174
0.320020 0.526051 0.055453
0.350000 0.475813 0.050524
0.350010 0.459596 0.089319
0.360000 0.438798 0.095364
0.370000 0.459851 0.037901
0.370010 0.428401 0.058663
0.380000 0.469697 0.059992
0.380010 0.439027 0.045067
0.380020 0.456473 0.050944
0.400000 0.438474 0.040734
0.400010 0.459976 0.087492
0.440000 0.449100 0.079129
0.440010 0.484588 0.076629
0.480000 0.466035 0.069291
0.500000 0.460852 0.043370
0.510000 0.467327 0.039069
0.510010 0.476610 0.051956
0.520000 0.455269 0.066919
0.560000 0.468043 0.066419
0.570000 0.392081 0.044160
0.570010 0.556677 0.028368
0.590000 0.470265 0.060872
0.590010 0.461501 0.065525
0.600000 0.527234 0.065887
0.600010 0.476116 0.065337
0.600020 0.451540 0.124445
0.600030 0.356791 0.119644
0.610000 0.459081 0.034703
0.610010 0.421011 0.043080
0.640000 0.360265 0.071166
0.727000 0.152023 0.074183
0.730000 0.425268 0.072956
0.760000 0.477240 0.038951
0.770000 0.403606 0.184293
0.800000 0.464631 0.079327
0.850000 0.439123 0.107711
0.860000 0.527563 0.098664
0.860010 0.535377 0.108760
0.978000 0.490174 0.180583
1.050000 0.269163 0.077023
1.230000 0.444571 0.098906
1.400000 0.375832 0.120094
1.520000 0.405670 0.075596
1.520010 0.397820 0.077660
1.526000 0.417811 0.070114
1.944000 0.350701 0.106592
