0.001000 0.331931 0.087901
0.020000 0.382398 0.048481
0.020010 0.392305 0.064800
0.020030 0.385767 0.044202
0.067000 0.307588 0.054289
0.100000 0.247331 0.163397
0.100010 0.462101 0.037388
0.100020 0.396118 0.128455
0.150000 0.421050 0.140418
0.170000 0.394904 0.058686
0.180000 0.586142 0.090540
0.250000 0.543168 0.060407
0.250010 0.339579 0.061109
0.300000 0.452457 0.053985
0.310000 0.438993 0.095938
0.320000 0.401500 0.097444
0.320010 0.462850 0.098659
0.320020 0.489414 0.054802
0.350000 0.467619 0.050423
0.350010 0.479947 0.088897
0.360000 0.437978 0.099433
0.370000 0.459784 0.037228
0.370010 0.430174 0.057855
0.380000 0.462352 0.062412
0.380010 0.440648 0.044967
0.380020 0.454882 0.048970
0.400000 0.564632 0.040543
0.400010 0.470406 0.086831
0.440000 0.496791 0.078908
0.440010 0.467930 0.077022
0.480000 0.452210 0.068852
0.500000 0.497158 0.044696
0.510000 0.448376 0.036764
0.510010 0.468695 0.051525
0.520000 0.486562 0.064582
0.560000 0.466512 0.068607
0.570000 0.416022 0.045199
0.570010 0.469525 0.028731
0.590000 0.466137 0.059085
0.590010 0.465358 0.065106
0.600000 0.509452 0.060954
0.600010 0.497418 0.067079
0.600020 0.453348 0.114477
0.600030 0.560340 0.126272
0.610000 0.412942 0.034001
0.610010 0.495586 0.044893
0.640000 0.450636 0.069072
0.727000 0.657103 0.074355
0.730000 0.445718 0.070963
0.760000 0.447410 0.040234
0.770000 0.469069 0.179283
0.800000 0.466180 0.080003
0.850000 0.449176 0.106315
0.860000 0.394051 0.099920
0.860010 0.449994 0.114029
0.978000 0.362764 0.183599
1.050000 0.456388 0.079265
1.230000 0.508382 0.099945
1.400000 0.409802 0.114792
1.520000 0.402377 0.074049
1.520010 0.437598 0.081032
1.526000 0.381525 0.069731
1.944000 0.404871 0.107609
