0.001000 0.389849 0.084770
0.020000 0.457379 0.047432
0.020010 0.339857 0.065184
0.020030 0.359057 0.045192
0.067000 0.432166 0.055065
0.100000 0.470183 0.156533
0.100010 0.378147 0.037998
0.100020 0.418753 0.131165
0.150000 0.460827 0.140489
0.170000 0.377627 0.059719
0.180000 0.469163 0.085737
0.250000 0.413672 0.059115
0.250010 0.390061 0.058582
0.300000 0.432754 0.054854
0.310000 0.449260 0.097916
0.320000 0.439368 0.094942
0.320010 0.455810 0.099688
0.320020 0.467302 0.056547
0.350000 0.467315 0.050172
0.350010 0.481945 0.087292
0.360000 0.459629 0.097750
0.370000 0.459806 0.037413
0.370010 0.505080 0.060189
0.380000 0.451666 0.060682
0.380010 0.472922 0.041478
0.380020 0.465258 0.052597
0.400000 0.423365 0.041253
0.400010 0.442185 0.085171
0.440000 0.374812 0.081824
0.440010 0.472516 0.073050
0.480000 0.437158 0.065507
0.500000 0.434615 0.041818
0.510000 0.478801 0.038028
0.510010 0.456675 0.050709
0.520000 0.466257 0.065912
0.560000 0.459330 0.065428
0.570000 0.477699 0.044593
0.570010 0.465589 0.030007
0.590000 0.444512 0.057057
0.590010 0.478317 0.067051
0.600000 0.461394 0.062245
0.600010 0.468061 0.067663
0.600020 0.455280 0.117475
0.600030 0.489502 0.115847
0.610000 0.466842 0.033119
0.610010 0.484100 0.042813
0.640000 0.433399 0.066187
0.727000 0.325867 0.077357
0.730000 0.476401 0.073292
0.760000 0.412518 0.039499
0.770000 0.435674 0.179166
0.800000 0.450007 0.080288
0.850000 0.445630 0.111056
0.860000 0.466296 0.101622
0.860010 0.407488 0.107037
0.978000 0.417666 0.172930
1.050000 0.436839 0.085319
1.230000 0.438847 0.100996
1.400000 0.410356 0.114676
1.520000 0.408930 0.075195
1.520010 0.434766 0.081513
1.526000 0.534339 0.069317
1.944000 0.430163 0.105303
