0.001000 0.294667 0.084985
0.020000 0.422474 0.047788
0.020010 0.417026 0.066070
0.020030 0.341341 0.046931
0.067000 0.315676 0.055200
0.100000 0.468177 0.163044
0.100010 0.424615 0.036810
0.100020 0.376190 0.125489
0.150000 0.494681 0.146827
0.170000 0.392677 0.060382
0.180000 0.492581 0.091076
0.250000 0.421418 0.056963
0.250010 0.439755 0.058318
0.300000 0.410285 0.055568
0.310000 0.466871 0.094478
0.320000 0.529247 0.093701
0.320010 0.484381 0.103866
0.320020 0.462225 0.055031
0.350000 0.436536 0.051983
0.350010 0.475013 0.086876
0.360000 0.459083 0.095823
0.370000 0.458727 0.036506
0.370010 0.512842 0.059139
0.380000 0.439159 0.060768
0.380010 0.507067 0.043138
0.380020 0.459417 0.050494
0.400000 0.506167 0.040393
0.400010 0.458578 0.087164
0.440000 0.489747 0.081564
0.440010 0.475630 0.073274
0.480000 0.438466 0.066777
0.500000 0.453297 0.043270
0.510000 0.468156 0.037396
0.510010 0.478245 0.049339
0.520000 0.478035 0.064161
0.560000 0.481452 0.069475
0.570000 0.420380 0.045373
0.570010 0.463324 0.028232
0.590000 0.454201 0.059294
0.590010 0.451014 0.066298
0.600000 0.388495 0.060638
0.600010 0.489442 0.066779
0.600020 0.459283 0.115605
0.600030 0.380008 0.126412
0.610000 0.473941 0.033953
0.610010 0.478381 0.043427
0.640000 0.500110 0.071732
0.727000 0.592664 0.076258
0.730000 0.411915 0.072626
0.760000 0.449174 0.039102
0.770000 0.472723 0.174352
0.800000 0.467615 0.079465
0.850000 0.448032 0.109498
0.860000 0.438926 0.099108
0.860010 0.435687 0.110248
0.978000 0.381600 0.171108
1.050000 0.279107 0.078882
1.230000 0.486075 0.096617
1.400000 0.415599 0.115843
1.520000 0.415225 0.076490
1.520010 0.415758 0.079233
1.526000 0.475425 0.067339
1.944000 0.404248 0.104739
