0.001000 0.344950 0.084506
0.020000 0.387213 0.048082
0.020010 0.327005 0.064445
0.020030 0.447580 0.046577
0.067000 0.403423 0.055732
0.100000 0.371922 0.156263
0.100010 0.407042 0.038610
0.100020 0.445933 0.126944
0.150000 0.424339 0.141658
0.170000 0.522364 0.060404
0.180000 0.598182 0.093116
0.250000 0.611445 0.058388
0.250010 0.483551 0.059482
0.300000 0.471036 0.057965
0.310000 0.413866 0.098305
0.320000 0.403244 0.093804
0.320010 0.432904 0.095962
0.320020 0.430903 0.054781
0.350000 0.456809 0.051403
0.350010 0.424570 0.088737
0.360000 0.442676 0.096668
0.370000 0.461967 0.038487
0.370010 0.452264 0.057874
0.380000 0.436769 0.058678
0.380010 0.470092 0.044863
0.380020 0.460171 0.050269
0.400000 0.459917 0.042525
0.400010 0.446776 0.087802
0.440000 0.377099 0.078094
0.440010 0.473150 0.076652
0.480000 0.478405 0.064680
0.500000 0.435960 0.043457
0.510000 0.463625 0.037564
0.510010 0.480252 0.051805
0.520000 0.475320 0.065564
0.560000 0.436316 0.064679
0.570000 0.429314 0.045005
0.570010 0.464714 0.029177
0.590000 0.472036 0.060076
0.590010 0.461328 0.065009
0.600000 0.330075 0.062633
0.600010 0.453004 0.066771
0.600020 0.500394 0.118890
0.600030 0.355054 0.123423
0.610000 0.446683 0.034616
0.610010 0.489432 0.044983
0.640000 0.466180 0.070095
0.727000 0.214637 0.078385
0.730000 0.436104 0.074023
0.760000 0.479763 0.041065
0.770000 0.452041 0.176440
0.800000 0.459436 0.081536
0.850000 0.448950 0.110699
0.860000 0.407376 0.100778
0.860010 0.346638 0.113975
0.978000 0.384258 0.177585
1.050000 0.247728 0.077268
1.230000 0.364640 0.100302
1.400000 0.427237 0.116494
1.520000 0.418836 0.076967
1.520010 0.417308 0.078929
1.526000 0.292389 0.071856
1.944000 0.363429 0.105168
