0.001000 0.342758 0.085689
0.020000 0.262392 0.048536
0.020010 0.351736 0.064439
0.020030 0.371446 0.045374
0.067000 0.370458 0.056134
0.100000 0.413767 0.160250
0.100010 0.444046 0.038987
0.100020 0.467969 0.134111
0.150000 0.538273 0.139074
0.170000 0.386340 0.060531
0.180000 0.528758 0.090741
0.250000 0.408957 0.058640
0.250010 0.432921 0.060707
0.300000 0.378397 0.056920
0.310000 0.444265 0.096019
0.320000 0.552568 0.096244
0.320010 0.482128 0.102895
0.320020 0.457954 0.056177
0.350000 0.485004 0.048960
0.350010 0.449369 0.089131
0.360000 0.459661 0.100081
0.370000 0.460577 0.037723
0.370010 0.406643 0.056975
0.380000 0.441828 0.059076
0.380010 0.485560 0.046704
0.380020 0.444330 0.051298
0.400000 0.421132 0.040697
0.400010 0.463633 0.084131
0.440000 0.447297 0.079811
0.440010 0.484043 0.076391
0.480000 0.430958 0.066603
0.500000 0.467090 0.042870
0.510000 0.457715 0.037198
0.510010 0.469846 0.050514
0.520000 0.431364 0.064869
0.560000 0.465215 0.067025
0.570000 0.472262 0.044958
0.570010 0.484985 0.028333
0.590000 0.478265 0.060944
0.590010 0.463860 0.065144
0.600000 0.524017 0.062239
0.600010 0.432596 0.065907
0.600020 0.476209 0.117233
0.600030 0.515843 0.123946
0.610000 0.475903 0.034039
0.610010 0.598679 0.043479
0.640000 0.407975 0.068138
0.727000 0.341073 0.076231
0.730000 0.419484 0.071996
0.760000 0.438330 0.039762
0.770000 0.396339 0.175031
0.800000 0.451487 0.077163
0.850000 0.449700 0.110192
0.860000 0.472221 0.099147
0.860010 0.439867 0.109856
0.978000 0.486680 0.172914
1.050000 0.212388 0.080885
1.230000 0.417144 0.096329
1.400000 0.415674 0.116304
1.520000 0.421378 0.074010
1.520010 0.449942 0.077811
1.526000 0.421894 0.073198
1.944000 0.459820 0.106134
