0.001000 0.392479 0.083986
0.020000 0.451076 0.046958
0.020010 0.351604 0.068856
0.020030 0.333767 0.046826
0.067000 0.320209 0.054960
0.100000 0.293631 0.162799
0.100010 0.426077 0.038220
0.100020 0.465093 0.133997
0.150000 0.475039 0.140569
0.170000 0.443270 0.061012
0.180000 0.393522 0.090469
0.250000 0.519957 0.057296
0.250010 0.350746 0.059433
0.300000 0.451893 0.054596
0.310000 0.449928 0.099315
0.320000 0.423514 0.096305
0.320010 0.471938 0.099721
0.320020 0.466936 0.056946
0.350000 0.464053 0.049810
0.350010 0.484141 0.085562
0.360000 0.429454 0.098012
0.370000 0.455453 0.038728
0.370010 0.548122 0.058450
0.380000 0.463768 0.059812
0.380010 0.500396 0.045848
0.380020 0.471491 0.051273
0.400000 0.539764 0.041065
0.400010 0.456123 0.088164
0.440000 0.438610 0.080478
0.440010 0.474937 0.079633
0.480000 0.462727 0.065857
0.500000 0.462965 0.042955
0.510000 0.460172 0.036305
0.510010 0.459759 0.049804
0.520000 0.463168 0.063635
0.560000 0.463250 0.066982
0.570000 0.552265 0.044661
0.570010 0.487889 0.029488
0.590000 0.437102 0.061910
0.590010 0.457658 0.065772
0.600000 0.578998 0.062406
0.600010 0.452770 0.066046
0.600020 0.460022 0.116702
0.600030 0.441853 0.120703
0.610000 0.430294 0.034791
0.610010 0.493555 0.044526
0.640000 0.463567 0.067658
0.727000 0.538874 0.076886
0.730000 0.475260 0.071477
0.760000 0.457158 0.038981
0.770000 0.457810 0.175762
0.800000 0.469895 0.079359
0.850000 0.444933 0.110461
0.860000 0.487274 0.098590
0.860010 0.408880 0.108331
0.978000 0.443147 0.172740
1.050000 0.400195 0.077561
1.230000 0.498148 0.098553
1.400000 0.531285 0.118271
1.520000 0.403554 0.072948
1.520010 0.398380 0.082808
1.526000 0.390509 0.069917
1.944000 0.472468 0.105601
