0.001000 0.434973 0.085374
0.020000 0.373542 0.048960
0.020010 0.349503 0.065016
0.020030 0.297888 0.044697
0.067000 0.341145 0.056254
0.100000 0.383984 0.154712
0.100010 0.396807 0.037602
0.100020 0.414228 0.127775
0.150000 0.426704 0.146762
0.170000 0.451973 0.060072
0.180000 0.480040 0.091121
0.250000 0.493932 0.055484
0.250010 0.488254 0.059339
0.300000 0.477082 0.055558
0.310000 0.470712 0.095991
0.320000 0.514147 0.098741
0.320010 0.465580 0.098985
0.320020 0.450979 0.056288
0.350000 0.444711 0.047362
0.350010 0.417979 0.087266
0.360000 0.455499 0.099406
0.370000 0.459494 0.038170
0.370010 0.466360 0.057977
0.380000 0.449103 0.060615
0.380010 0.491521 0.046255
0.380020 0.430936 0.050586
0.400000 0.366388 0.040769
0.400010 0.477526 0.086893
0.440000 0.449592 0.078751
0.440010 0.477834 0.074325
0.480000 0.463713 0.067725
0.500000 0.478412 0.044174
0.510000 0.461752 0.039282
0.510010 0.485174 0.051519
0.520000 0.458936 0.066593
0.560000 0.458415 0.067206
0.570000 0.427554 0.043716
0.570010 0.474024 0.028492
0.590000 0.515832 0.060169
0.590010 0.476675 0.065334
0.600000 0.355325 0.061249
0.600010 0.471076 0.067107
0.600020 0.456620 0.121050
0.600030 0.489768 0.118353
0.610000 0.482425 0.034202
0.610010 0.365324 0.043994
0.640000 0.436574 0.069964
0.727000 0.505079 0.075285
0.730000 0.466437 0.070572
0.760000 0.432244 0.039547
0.770000 0.452694 0.180518
0.800000 0.459140 0.080483
0.850000 0.448603 0.110704
0.860000 0.497417 0.102316
0.860010 0.518525 0.107177
0.978000 0.433744 0.176332
1.050000 0.420938 0.080463
1.230000 0.406054 0.099106
1.400000 0.434850 0.116421
1.520000 0.415556 0.074623
1.520010 0.432834 0.081467
1.526000 0.356806 0.066739
1.944000 0.471183 0.104872
