0.001000 0.232515 0.083841
0.020000 0.333139 0.048735
0.020010 0.318633 0.066198
0.020030 0.360724 0.045131
0.067000 0.306624 0.056447
0.100000 0.525839 0.160087
0.100010 0.444932 0.036999
0.100020 0.433335 0.130685
0.150000 0.469111 0.137525
0.170000 0.378882 0.060309
0.180000 0.448643 0.091906
0.250000 0.468160 0.058826
0.250010 0.425767 0.060076
0.300000 0.510138 0.055303
0.310000 0.440050 0.097594
0.320000 0.371259 0.098180
0.320010 0.449512 0.097902
0.320020 0.451368 0.056464
0.350000 0.469392 0.046655
0.350010 0.465450 0.088149
0.360000 0.479362 0.100596
0.370000 0.459918 0.038485
0.370010 0.511925 0.057550
0.380000 0.458396 0.059342
0.380010 0.471674 0.045702
0.380020 0.462887 0.050454
0.400000 0.491121 0.042580
0.400010 0.447810 0.087469
0.440000 0.582455 0.078499
0.440010 0.482570 0.076223
0.480000 0.458375 0.068568
0.500000 0.446477 0.041986
0.510000 0.455771 0.038228
0.510010 0.480107 0.050600
0.520000 0.453957 0.063452
0.560000 0.488040 0.068203
0.570000 0.514430 0.044947
0.570010 0.522324 0.029185
0.590000 0.459745 0.061230
0.590010 0.483149 0.067144
0.600000 0.499004 0.062647
0.600010 0.479405 0.067211
0.600020 0.412372 0.119089
0.600030 0.487791 0.119446
0.610000 0.478696 0.035500
0.610010 0.453189 0.042603
0.640000 0.465066 0.076561
0.727000 0.500665 0.074578
0.730000 0.490453 0.070880
0.760000 0.436042 0.038930
0.770000 0.418280 0.184148
0.800000 0.481101 0.081719
0.850000 0.433027 0.111539
0.860000 0.381750 0.099356
0.860010 0.401652 0.114183
0.978000 0.453005 0.169100
1.050000 0.594575 0.079393
1.230000 0.418393 0.100202
1.400000 0.446400 0.113828
1.520000 0.411491 0.076930
1.520010 0.426385 0.078014
1.526000 0.359796 0.069576
1.944000 0.328198 0.106321
