0.001000 0.383174 0.084098
0.020000 0.323520 0.049151
0.020010 0.384245 0.063402
0.020030 0.493947 0.045183
0.067000 0.345831 0.054258
0.100000 0.497593 0.164667
0.100010 0.410319 0.038352
0.100020 0.567033 0.128825
0.150000 0.320729 0.148728
0.170000 0.348354 0.057886
0.180000 0.377313 0.087979
0.250000 0.598352 0.059592
0.250010 0.395356 0.060307
0.300000 0.497127 0.055147
0.310000 0.458995 0.099140
0.320000 0.363125 0.091841
0.320010 0.466138 0.095865
0.320020 0.433376 0.055380
0.350000 0.482096 0.049834
0.350010 0.428689 0.092084
0.360000 0.451701 0.099120
0.370000 0.460481 0.038090
0.370010 0.484583 0.056003
0.380000 0.475593 0.060125
0.380010 0.424819 0.045897
0.380020 0.460150 0.049130
0.400000 0.430715 0.039961
0.400010 0.469849 0.088233
0.440000 0.464413 0.077973
0.440010 0.461751 0.075344
0.480000 0.477907 0.065691
0.500000 0.416424 0.043701
0.510000 0.461504 0.037829
0.510010 0.450313 0.051058
0.520000 0.467294 0.067827
0.560000 0.451746 0.069650
0.570000 0.481865 0.045991
0.570010 0.447575 0.028643
0.590000 0.428718 0.060692
0.590010 0.459955 0.069254
0.600000 0.574869 0.062900
0.600010 0.427325 0.067926
0.600020 0.428378 0.122376
0.600030 0.431516 0.118969
0.610000 0.471932 0.035557
0.610010 0.439921 0.042844
0.640000 0.478749 0.068513
0.727000 0.734923 0.076256
0.730000 0.455451 0.071937
0.760000 0.473947 0.041649
0.770000 0.439187 0.173582
0.800000 0.445425 0.077693
0.850000 0.468551 0.107382
0.860000 0.456757 0.103537
0.860010 0.428663 0.106014
0.978000 0.521134 0.171387
1.050000 0.475541 0.079536
1.230000 0.424408 0.102614
1.400000 0.462891 0.113965
1.520000 0.411949 0.076130
1.520010 0.412976 0.079033
1.526000 0.410327 0.070428
1.944000 0.391595 0.107425
