0.001000 0.430605 0.084201
0.020000 0.361667 0.047044
0.020010 0.394464 0.062860
0.020030 0.354429 0.047754
0.067000 0.309929 0.053610
0.100000 0.343987 0.160233
0.100010 0.464558 0.038028
0.100020 0.447952 0.132917
0.150000 0.495076 0.141779
0.170000 0.428878 0.062590
0.180000 0.379915 0.089245
0.250000 0.549800 0.057350
0.250010 0.446880 0.059999
0.300000 0.405834 0.052873
0.310000 0.469241 0.096248
0.320000 0.446282 0.092493
0.320010 0.439741 0.099951
0.320020 0.490051 0.057064
0.350000 0.462938 0.050243
0.350010 0.416744 0.088824
0.360000 0.466328 0.098380
0.370000 0.460007 0.039226
0.370010 0.353249 0.058874
0.380000 0.443657 0.058636
0.380010 0.445556 0.046087
0.380020 0.475187 0.052122
0.400000 0.489545 0.041603
0.400010 0.450958 0.090991
0.440000 0.510997 0.075892
0.440010 0.482896 0.073983
0.480000 0.468235 0.066838
0.500000 0.437171 0.042932
0.510000 0.457942 0.038256
0.510010 0.482609 0.048416
0.520000 0.473445 0.062446
0.560000 0.447321 0.065566
0.570000 0.472054 0.043906
0.570010 0.400373 0.028911
0.590000 0.471082 0.060548
0.590010 0.433419 0.063437
0.600000 0.523157 0.061977
0.600010 0.489553 0.066562
0.600020 0.499448 0.122827
0.600030 0.472097 0.118689
0.610000 0.474215 0.034021
0.610010 0.345324 0.044020
0.640000 0.496924 0.071193
0.727000 0.529287 0.079514
0.730000 0.460861 0.070058
0.760000 0.452121 0.040572
0.770000 0.441476 0.180835
0.800000 0.477481 0.079951
0.850000 0.447578 0.110993
0.860000 0.418765 0.098900
0.860010 0.424631 0.107861
0.978000 0.477297 0.177058
1.050000 0.438097 0.077297
1.230000 0.358702 0.095285
1.400000 0.430545 0.114289
1.520000 0.415640 0.078238
1.520010 0.412361 0.080334
1.526000 0.376519 0.070682
1.944000 0.462805 0.107081
