0.001000 0.234854 0.085547
0.020000 0.348268 0.047244
0.020010 0.337940 0.064670
0.020030 0.352525 0.046675
0.067000 0.419084 0.055111
0.100000 0.320772 0.154995
0.100010 0.323245 0.037108
0.100020 0.423775 0.132277
0.150000 0.406197 0.142798
0.170000 0.346552 0.060612
0.180000 0.393689 0.089146
0.250000 0.455236 0.057896
0.250010 0.333488 0.060306
0.300000 0.449978 0.054712
0.310000 0.477667 0.099827
0.320000 0.446431 0.090095
0.320010 0.460766 0.108163
0.320020 0.542521 0.056000
0.350000 0.435916 0.050108
0.350010 0.475284 0.087738
0.360000 0.445656 0.094199
0.370000 0.459150 0.036083
0.370010 0.544791 0.058728
0.380000 0.440014 0.056969
0.380010 0.444666 0.044721
0.380020 0.482444 0.050479
0.400000 0.429686 0.039976
0.400010 0.449779 0.083509
0.440000 0.484954 0.083299
0.440010 0.462410 0.075523
0.480000 0.527491 0.066233
0.500000 0.470899 0.041443
0.510000 0.467208 0.039358
0.510010 0.459297 0.048348
0.520000 0.479924 0.062998
0.560000 0.466197 0.067509
0.570000 0.467615 0.043958
0.570010 0.484419 0.030562
0.590000 0.452205 0.056877
0.590010 0.442178 0.066660
0.600000 0.484575 0.061732
0.600010 0.440481 0.068532
0.600020 0.477042 0.124895
0.600030 0.724014 0.120460
0.610000 0.491595 0.035365
0.610010 0.395621 0.042634
0.640000 0.449408 0.068202
0.727000 0.321478 0.075617
0.730000 0.485279 0.071582
0.760000 0.494977 0.039757
0.770000 0.434389 0.181814
0.800000 0.455463 0.082608
0.850000 0.460911 0.107108
0.860000 0.479459 0.101181
0.860010 0.427387 0.111906
0.978000 0.488999 0.177232
1.050000 0.232621 0.080331
1.230000 0.413806 0.098539
1.400000 0.461764 0.113002
1.520000 0.417255 0.075721
1.520010 0.396260 0.079318
1.526000 0.450793 0.071986
1.944000 0.425358 0.107463
