0.001000 0.332864 0.081594
0.020000 0.366774 0.046783
0.020010 0.308669 0.063937
0.020030 0.381205 0.046133
0.067000 0.371687 0.055986
0.100000 0.498640 0.161113
0.100010 0.367276 0.039364
0.100020 0.392752 0.127567
0.150000 0.416398 0.148827
0.170000 0.302931 0.057700
0.180000 0.373403 0.091279
0.250000 0.452563 0.059782
0.250010 0.458670 0.060325
0.300000 0.475611 0.053133
0.310000 0.454410 0.094461
0.320000 0.340917 0.093444
0.320010 0.476441 0.099813
0.320020 0.516699 0.054817
0.350000 0.457084 0.049316
0.350010 0.425444 0.091238
0.360000 0.468280 0.093862
0.370000 0.460070 0.038547
0.370010 0.466987 0.060234
0.380000 0.485707 0.060145
0.380010 0.436891 0.044421
0.380020 0.454825 0.050619
0.400000 0.506907 0.040182
0.400010 0.464644 0.086541
0.440000 0.507857 0.079633
0.440010 0.466010 0.076453
0.480000 0.480143 0.067416
0.500000 0.488835 0.042653
0.510000 0.467405 0.037652
0.510010 0.466550 0.052262
0.520000 0.438040 0.062778
0.560000 0.466455 0.069043
0.570000 0.432141 0.046513
0.570010 0.449934 0.029590
0.590000 0.484142 0.059436
0.590010 0.488298 0.065415
0.600000 0.466915 0.061738
0.600010 0.470474 0.069718
0.600020 0.453369 0.118426
0.600030 0.391654 0.120595
0.610000 0.450783 0.034761
0.610010 0.522733 0.044318
0.640000 0.512633 0.067837
0.727000 0.211065 0.076299
0.730000 0.467477 0.073699
0.760000 0.478906 0.039570
0.770000 0.490832 0.182216
0.800000 0.463826 0.077696
0.850000 0.433378 0.111542
0.860000 0.393908 0.095588
0.860010 0.460046 0.107252
0.978000 0.372783 0.171436
1.050000 0.384089 0.079652
1.230000 0.425208 0.098742
1.400000 0.507308 0.112285
1.520000 0.420138 0.074216
1.520010 0.377724 0.078712
1.526000 0.344158 0.069954
1.944000 0.405748 0.107076
