0.001000 0.428523 0.083413
0.020000 0.345774 0.048628
0.020010 0.337193 0.066137
0.020030 0.374992 0.046488
0.067000 0.373386 0.057745
0.100000 0.328522 0.157616
0.100010 0.431398 0.036859
0.100020 0.501238 0.132045
0.150000 0.360808 0.152030
0.170000 0.406855 0.058301
0.180000 0.394617 0.088713
0.250000 0.332921 0.059359
0.250010 0.586948 0.058483
0.300000 0.482364 0.054872
0.310000 0.445928 0.101779
0.320000 0.430697 0.095146
0.320010 0.470509 0.097081
0.320020 0.480055 0.057463
0.350000 0.453786 0.048337
0.350010 0.530267 0.088554
0.360000 0.453695 0.097945
0.370000 0.460245 0.037470
0.370010 0.562779 0.059101
0.380000 0.447359 0.059874
0.380010 0.478830 0.045420
0.380020 0.465304 0.051217
0.400000 0.469447 0.040085
0.400010 0.472661 0.087097
0.440000 0.440412 0.079521
0.440010 0.480304 0.078055
0.480000 0.466546 0.064178
0.500000 0.452535 0.043889
0.510000 0.464834 0.037125
0.510010 0.472660 0.050455
0.520000 0.503453 0.065556
0.560000 0.423932 0.066304
0.570000 0.534918 0.047191
0.570010 0.492824 0.028746
0.590000 0.456282 0.062376
0.590010 0.443784 0.064243
0.600000 0.441704 0.062566
0.600010 0.440132 0.067957
0.600020 0.460570 0.122230
0.600030 0.406734 0.117074
0.610000 0.467389 0.033267
0.610010 0.444678 0.043224
0.640000 0.455887 0.070026
0.727000 0.656238 0.076659
0.730000 0.473929 0.072635
0.760000 0.452897 0.040744
0.770000 0.402827 0.185427
0.800000 0.475733 0.078433
0.850000 0.447138 0.110080
0.860000 0.417296 0.097316
0.860010 0.407352 0.111620
0.978000 0.500788 0.170130
1.050000 0.352221 0.079945
1.230000 0.429923 0.100360
1.400000 0.495883 0.117361
1.520000 0.406987 0.074923
1.520010 0.394928 0.079677
1.526000 0.434080 0.070395
1.944000 0.336329 0.105931
