0.001000 0.289248 0.087317
0.020000 0.402490 0.047011
0.020010 0.377503 0.063008
0.020030 0.325867 0.045145
0.067000 0.369261 0.055176
0.100000 0.421049 0.160382
0.100010 0.426477 0.038254
0.100020 0.390246 0.132300
0.150000 0.520777 0.140367
0.170000 0.481795 0.061170
0.180000 0.395699 0.088591
0.250000 0.345044 0.057257
0.250010 0.440629 0.059538
0.300000 0.441891 0.054353
0.310000 0.443359 0.102278
0.320000 0.472468 0.093917
0.320010 0.445770 0.102766
0.320020 0.413621 0.056631
0.350000 0.428691 0.048836
0.350010 0.406127 0.090843
0.360000 0.461681 0.094367
0.370000 0.463089 0.039022
0.370010 0.418037 0.059687
0.380000 0.441066 0.060426
0.380010 0.421709 0.044812
0.380020 0.469381 0.050674
0.400000 0.503434 0.041440
0.400010 0.466826 0.087950
0.440000 0.490511 0.078789
0.440010 0.457003 0.075080
0.480000 0.464125 0.068102
0.500000 0.475368 0.043361
0.510000 0.462927 0.037314
0.510010 0.448744 0.048817
0.520000 0.492399 0.065584
0.560000 0.467027 0.067228
0.570000 0.480144 0.043565
0.570010 0.440505 0.028679
0.590000 0.445487 0.058486
0.590010 0.478128 0.061007
0.600000 0.504033 0.061299
0.600010 0.441272 0.067430
0.600020 0.456531 0.120743
0.600030 0.289458 0.116655
0.610000 0.489162 0.034765
0.610010 0.467923 0.042798
0.640000 0.448998 0.071795
0.727000 0.560595 0.078228
0.730000 0.503216 0.072942
0.760000 0.444404 0.038732
0.770000 0.450783 0.175796
0.800000 0.489048 0.081704
0.850000 0.446773 0.109709
0.860000 0.514989 0.100714
0.860010 0.482355 0.110985
0.978000 0.377731 0.173533
1.050000 0.465075 0.082093
1.230000 0.491164 0.097581
1.400000 0.377743 0.115259
1.520000 0.400676 0.077810
1.520010 0.395062 0.080936
1.526000 0.479061 0.068336
1.944000 0.388029 0.105521
