0.001000 0.294641 0.086910
0.020000 0.358573 0.048634
0.020010 0.391808 0.065516
0.020030 0.391941 0.045518
0.067000 0.513210 0.054663
0.100000 0.403844 0.159445
0.100010 0.332304 0.035561
0.100020 0.453008 0.131253
0.150000 0.414640 0.142225
0.170000 0.468244 0.056934
0.180000 0.464322 0.089879
0.250000 0.307082 0.055354
0.250010 0.416360 0.060848
0.300000 0.442907 0.056076
0.310000 0.445012 0.098255
0.320000 0.582842 0.094916
0.320010 0.439483 0.096663
0.320020 0.449949 0.052659
0.350000 0.473643 0.050913
0.350010 0.437511 0.090425
0.360000 0.420132 0.098148
0.370000 0.458246 0.037411
0.370010 0.566059 0.059188
0.380000 0.441701 0.059364
0.380010 0.526597 0.043096
0.380020 0.446448 0.050143
0.400000 0.450113 0.041364
0.400010 0.450471 0.084975
0.440000 0.455503 0.080810
0.440010 0.485213 0.077108
0.480000 0.415664 0.067548
0.500000 0.488284 0.043006
0.510000 0.466533 0.037726
0.510010 0.452837 0.049479
0.520000 0.432316 0.065990
0.560000 0.452088 0.067347
0.570000 0.472806 0.046961
0.570010 0.477380 0.028039
0.590000 0.462014 0.060560
0.590010 0.461889 0.064633
0.600000 0.419785 0.062480
0.600010 0.484766 0.067600
0.600020 0.463401 0.118772
0.600030 0.390865 0.118653
0.610000 0.506873 0.036092
0.610010 0.438076 0.043750
0.640000 0.438360 0.070632
0.727000 0.340408 0.075734
0.730000 0.478402 0.071745
0.760000 0.445683 0.039890
0.770000 0.487732 0.186422
0.800000 0.452805 0.078381
0.850000 0.450170 0.111915
0.860000 0.429059 0.096764
0.860010 0.467208 0.108020
0.978000 0.363623 0.176236
1.050000 0.346793 0.079937
1.230000 0.490640 0.100745
1.400000 0.393001 0.116091
1.520000 0.419875 0.075805
1.520010 0.422418 0.078652
1.526000 0.499131 0.069573
1.944000 0.454384 0.106248
