0.001000 0.381895 0.082316
0.020000 0.280483 0.046045
0.020010 0.393529 0.066588
0.020030 0.425938 0.045803
0.067000 0.394831 0.054830
0.100000 0.436750 0.158899
0.100010 0.330160 0.038672
0.100020 0.389375 0.127605
0.150000 0.394514 0.143121
0.170000 0.256924 0.060719
0.180000 0.405593 0.090445
0.250000 0.563600 0.058286
0.250010 0.344347 0.059005
0.300000 0.408854 0.053838
0.310000 0.448603 0.094785
0.320000 0.317631 0.095167
0.320010 0.445532 0.102900
0.320020 0.492572 0.057517
0.350000 0.437980 0.050017
0.350010 0.462208 0.089410
0.360000 0.459076 0.097595
0.370000 0.460379 0.037781
0.370010 0.467137 0.058059
0.380000 0.455256 0.059274
0.380010 0.480118 0.045556
0.380020 0.490118 0.048796
0.400000 0.500876 0.041015
0.400010 0.459759 0.087201
0.440000 0.457896 0.082119
0.440010 0.443369 0.074731
0.480000 0.442998 0.068911
0.500000 0.495501 0.043676
0.510000 0.468115 0.038239
0.510010 0.454883 0.049591
0.520000 0.476838 0.064541
0.560000 0.424051 0.062207
0.570000 0.459245 0.044086
0.570010 0.513091 0.028404
0.590000 0.467265 0.058516
0.590010 0.448374 0.067188
0.600000 0.495272 0.061813
0.600010 0.492236 0.067827
0.600020 0.462715 0.119127
0.600030 0.524503 0.121334
0.610000 0.461746 0.034576
0.610010 0.456345 0.043423
0.640000 0.465161 0.070018
0.727000 0.562493 0.076736
0.730000 0.514253 0.073368
0.760000 0.442101 0.039537
0.770000 0.453183 0.183066
0.800000 0.456050 0.078929
0.850000 0.428216 0.106893
0.860000 0.490339 0.101824
0.860010 0.495700 0.113316
0.978000 0.434643 0.179584
1.050000 0.416340 0.080545
1.230000 0.444959 0.097116
1.400000 0.453165 0.115913
1.520000 0.414663 0.076255
1.520010 0.410959 0.077293
1.526000 0.410126 0.070085
1.944000 0.352208 0.105279
