0.001000 0.715980 0.084410
0.020000 0.362046 0.047140
0.020010 0.341211 0.065901
0.020030 0.416309 0.048331
0.067000 0.360959 0.054941
0.100000 0.418141 0.159283
0.100010 0.406930 0.039058
0.100020 0.423764 0.131443
0.150000 0.416348 0.144772
0.170000 0.480904 0.059279
0.180000 0.387687 0.090267
0.250000 0.305995 0.057518
0.250010 0.509508 0.062701
0.300000 0.422559 0.054530
0.310000 0.473443 0.097455
0.320000 0.374901 0.094947
0.320010 0.434728 0.098706
0.320020 0.508295 0.056684
0.350000 0.445530 0.049987
0.350010 0.443185 0.087782
0.360000 0.471927 0.097737
0.370000 0.458939 0.037585
0.370010 0.472034 0.055924
0.380000 0.439773 0.059954
0.380010 0.439400 0.044563
0.380020 0.464274 0.048117
0.400000 0.491864 0.041287
0.400010 0.480266 0.088461
0.440000 0.454520 0.077671
0.440010 0.455777 0.078692
0.480000 0.471233 0.069349
0.500000 0.478687 0.044419
0.510000 0.461934 0.037899
0.510010 0.456189 0.049933
0.520000 0.415604 0.064384
0.560000 0.454556 0.065151
0.570000 0.495728 0.045022
0.570010 0.464018 0.029592
0.590000 0.451863 0.060169
0.590010 0.439357 0.063839
0.600000 0.335232 0.063727
0.600010 0.456899 0.067596
0.600020 0.461846 0.119486
0.600030 0.364822 0.118238
0.610000 0.423740 0.034681
0.610010 0.479890 0.044448
0.640000 0.480589 0.068723
0.727000 0.306749 0.079130
0.730000 0.447448 0.070879
0.760000 0.442298 0.040075
0.770000 0.453017 0.179568
0.800000 0.448265 0.079477
0.850000 0.451023 0.110410
0.860000 0.431981 0.100068
0.860010 0.413752 0.107817
0.978000 0.418789 0.169462
1.050000 0.397672 0.081628
1.230000 0.461373 0.097781
1.400000 0.468119 0.118074
1.520000 0.404591 0.075761
1.520010 0.427608 0.078502
1.526000 0.457627 0.070495
1.944000 0.417257 0.105593
