0.001000 0.106104 0.083618
0.020000 0.440334 0.049157
0.020010 0.393376 0.064752
0.020030 0.356414 0.047375
0.067000 0.375812 0.056194
0.100000 0.431970 0.161099
0.100010 0.402208 0.035615
0.100020 0.447544 0.130811
0.150000 0.448782 0.145822
0.170000 0.439213 0.062757
0.180000 0.299965 0.089913
0.250000 0.548900 0.059343
0.250010 0.402173 0.061909
0.300000 0.467921 0.054386
0.310000 0.448955 0.098447
0.320000 0.502493 0.097230
0.320010 0.472306 0.102109
0.320020 0.431030 0.056103
0.350000 0.453445 0.048155
0.350010 0.473560 0.091983
0.360000 0.463858 0.096872
0.370000 0.460068 0.036817
0.370010 0.448984 0.057687
0.380000 0.430020 0.061046
0.380010 0.440134 0.044532
0.380020 0.464651 0.052805
0.400000 0.397178 0.041124
0.400010 0.475485 0.086125
0.440000 0.577912 0.081704
0.440010 0.513022 0.075769
0.480000 0.454341 0.065125
0.500000 0.487957 0.043428
0.510000 0.458185 0.039131
0.510010 0.480647 0.051042
0.520000 0.445208 0.067569
0.560000 0.444881 0.064808
0.570000 0.541568 0.043610
0.570010 0.395805 0.029824
0.590000 0.453975 0.058705
0.590010 0.451904 0.066570
0.600000 0.396918 0.062150
0.600010 0.484804 0.066449
0.600020 0.431812 0.118898
0.600030 0.514361 0.120064
0.610000 0.528610 0.033500
0.610010 0.471976 0.044224
0.640000 0.444610 0.068650
0.727000 0.439759 0.076273
0.730000 0.483647 0.071429
0.760000 0.445126 0.039589
0.770000 0.464894 0.170674
0.800000 0.468991 0.080316
0.850000 0.452220 0.107861
0.860000 0.428894 0.098794
0.860010 0.372113 0.105375
0.978000 0.321934 0.178861
1.050000 0.441390 0.078392
1.230000 0.424267 0.098126
1.400000 0.412641 0.113232
1.520000 0.414282 0.075541
1.520010 0.458271 0.080537
1.526000 0.536746 0.069757
1.944000 0.383083 0.107179
