0.001000 0.384572 0.086758
0.020000 0.346111 0.047903
0.020010 0.413651 0.068761
0.020030 0.342670 0.046609
0.067000 0.326442 0.056338
0.100000 0.475619 0.161052
0.100010 0.454946 0.037881
0.100020 0.358629 0.132021
0.150000 0.424650 0.146223
0.170000 0.452554 0.060359
0.180000 0.373343 0.089610
0.250000 0.306278 0.060011
0.250010 0.385734 0.058103
0.300000 0.406711 0.053667
0.310000 0.474652 0.099188
0.320000 0.382222 0.094873
0.320010 0.437429 0.097995
0.320020 0.466293 0.055174
0.350000 0.472302 0.050734
0.350010 0.414914 0.089501
0.360000 0.440229 0.096516
0.370000 0.460048 0.037443
0.370010 0.503984 0.059298
0.380000 0.460944 0.057438
0.380010 0.512954 0.044517
0.380020 0.445282 0.053064
0.400000 0.464469 0.039760
0.400010 0.456129 0.086795
0.440000 0.509745 0.077318
0.440010 0.471614 0.077841
0.480000 0.455089 0.067431
0.500000 0.457892 0.043223
0.510000 0.463860 0.038104
0.510010 0.465536 0.049778
0.520000 0.458545 0.066374
0.560000 0.472926 0.066658
0.570000 0.487612 0.046341
0.570010 0.415683 0.029174
0.590000 0.476842 0.060423
0.590010 0.447130 0.066705
0.600000 0.548330 0.063236
0.600010 0.526675 0.065606
0.600020 0.466636 0.118117
0.600030 0.338071 0.122065
0.610000 0.480432 0.033907
0.610010 0.523132 0.043774
0.640000 0.455907 0.071127
0.727000 0.540505 0.072848
0.730000 0.463884 0.072608
0.760000 0.469137 0.040532
0.770000 0.475614 0.178075
0.800000 0.453959 0.078831
0.850000 0.450218 0.110701
0.860000 0.426693 0.101831
0.860010 0.491886 0.110521
0.978000 0.505366 0.180026
1.050000 0.695207 0.078336
1.230000 0.430652 0.099635
1.400000 0.360306 0.113682
1.520000 0.420155 0.077377
1.520010 0.421886 0.080170
1.526000 0.406221 0.069482
1.944000 0.382024 0.105108
