0.001000 0.368869 0.083761
0.020000 0.353529 0.048713
0.020010 0.383223 0.066299
0.020030 0.407563 0.047221
0.067000 0.334833 0.055342
0.100000 0.390252 0.155725
0.100010 0.433808 0.038991
0.100020 0.456069 0.129698
0.150000 0.397039 0.141839
0.170000 0.314641 0.058737
0.180000 0.325179 0.091241
0.250000 0.397888 0.058599
0.250010 0.399865 0.059617
0.300000 0.470027 0.055883
0.310000 0.454675 0.097014
0.320000 0.434881 0.093462
0.320010 0.455646 0.097462
0.320020 0.492549 0.054016
0.350000 0.436993 0.049230
0.350010 0.445099 0.085179
0.360000 0.465233 0.096807
0.370000 0.460147 0.037632
0.370010 0.367579 0.058201
0.380000 0.477480 0.059467
0.380010 0.380020 0.045616
0.380020 0.449635 0.051678
0.400000 0.509700 0.041202
0.400010 0.442237 0.086511
0.440000 0.486194 0.079402
0.440010 0.462641 0.076936
0.480000 0.469878 0.064117
0.500000 0.403764 0.044541
0.510000 0.453596 0.037297
0.510010 0.461214 0.049395
0.520000 0.462036 0.064028
0.560000 0.456120 0.066032
0.570000 0.443839 0.044358
0.570010 0.435765 0.028989
0.590000 0.501383 0.060164
0.590010 0.472752 0.064474
0.600000 0.297105 0.064124
0.600010 0.452685 0.067447
0.600020 0.480225 0.115502
0.600030 0.481804 0.120549
0.610000 0.471597 0.034275
0.610010 0.492849 0.043921
0.640000 0.458845 0.066264
0.727000 0.534103 0.075652
0.730000 0.425584 0.073627
0.760000 0.478152 0.040186
0.770000 0.416158 0.180262
0.800000 0.466097 0.084243
0.850000 0.449328 0.111827
0.860000 0.478753 0.098324
0.860010 0.416076 0.113818
0.978000 0.388659 0.177607
1.050000 0.483653 0.080470
1.230000 0.479985 0.095904
1.400000 0.472915 0.114149
1.520000 0.411090 0.075058
1.520010 0.393683 0.080969
1.526000 0.386131 0.071325
1.944000 0.363679 0.104227
