0.001000 0.566802 0.087824
0.020000 0.407119 0.048733
0.020010 0.377764 0.065109
0.020030 0.452291 0.046495
0.067000 0.351796 0.053243
0.100000 0.464427 0.160724
0.100010 0.477620 0.037569
0.100020 0.400278 0.131254
0.150000 0.420074 0.141619
0.170000 0.421794 0.061471
0.180000 0.298096 0.090861
0.250000 0.474079 0.058564
0.250010 0.248525 0.061250
0.300000 0.488298 0.053940
0.310000 0.450974 0.097909
0.320000 0.353730 0.095069
0.320010 0.470486 0.100230
0.320020 0.485521 0.056150
0.350000 0.458180 0.051216
0.350010 0.435368 0.087019
0.360000 0.443127 0.100347
0.370000 0.458376 0.036753
0.370010 0.539294 0.056403
0.380000 0.465237 0.060942
0.380010 0.457570 0.047166
0.380020 0.471066 0.051933
0.400000 0.420391 0.042294
0.400010 0.457996 0.085454
0.440000 0.475339 0.081637
0.440010 0.443402 0.076764
0.480000 0.458605 0.066441
0.500000 0.423119 0.043638
0.510000 0.472961 0.036396
0.510010 0.462672 0.049689
0.520000 0.487903 0.062490
0.560000 0.467049 0.065678
0.570000 0.404733 0.044394
0.570010 0.449191 0.028617
0.590000 0.428104 0.059495
0.590010 0.491123 0.068110
0.600000 0.564138 0.064612
0.600010 0.492840 0.066812
0.600020 0.451976 0.115342
0.600030 0.408790 0.121798
0.610000 0.480450 0.033973
0.610010 0.477096 0.043592
0.640000 0.474179 0.070532
0.727000 0.378035 0.079064
0.730000 0.437771 0.069945
0.760000 0.461417 0.039930
0.770000 0.478421 0.183918
0.800000 0.436167 0.081776
0.850000 0.438192 0.108363
0.860000 0.427770 0.098902
0.860010 0.424529 0.108921
0.978000 0.372218 0.180883
1.050000 0.369416 0.080477
1.230000 0.480093 0.098055
1.400000 0.440196 0.116268
1.520000 0.415970 0.076570
1.520010 0.420824 0.081306
1.526000 0.413072 0.070012
1.944000 0.418777 0.106169
