0.001000 0.254632 0.087545
0.020000 0.274532 0.048786
0.020010 0.389448 0.063869
0.020030 0.308954 0.044508
0.067000 0.346786 0.054959
0.100000 0.529595 0.163662
0.100010 0.400233 0.038678
0.100020 0.363738 0.128487
0.150000 0.462181 0.148851
0.170000 0.521565 0.063043
0.180000 0.503642 0.084791
0.250000 0.483411 0.057772
0.250010 0.553706 0.060031
0.300000 0.396887 0.055589
0.310000 0.440460 0.098256
0.320000 0.411092 0.095043
0.320010 0.455735 0.100960
0.320020 0.522436 0.057171
0.350000 0.471637 0.050900
0.350010 0.367847 0.089756
0.360000 0.449551 0.095018
0.370000 0.457522 0.038730
0.370010 0.431437 0.058940
0.380000 0.448037 0.059634
0.380010 0.438284 0.046123
0.380020 0.479751 0.052371
0.400000 0.457355 0.042606
0.400010 0.468726 0.082332
0.440000 0.461644 0.077481
0.440010 0.464427 0.075911
0.480000 0.482830 0.065211
0.500000 0.492205 0.040862
0.510000 0.461722 0.038620
0.510010 0.458134 0.049399
0.520000 0.501990 0.064719
0.560000 0.468424 0.066650
0.570000 0.472828 0.043965
0.570010 0.523869 0.029274
0.590000 0.442735 0.060602
0.590010 0.456418 0.065975
0.600000 0.518042 0.061362
0.600010 0.528432 0.066114
0.600020 0.459708 0.120714
0.600030 0.360151 0.119667
0.610000 0.476398 0.034238
0.610010 0.477071 0.045525
0.640000 0.467200 0.068124
0.727000 0.527351 0.077439
0.730000 0.414380 0.072076
0.760000 0.465489 0.040806
0.770000 0.474384 0.182857
0.800000 0.450685 0.080752
0.850000 0.450362 0.110437
0.860000 0.521356 0.095694
0.860010 0.452269 0.108995
0.978000 0.487999 0.173163
1.050000 0.129794 0.077420
1.230000 0.458095 0.098603
1.400000 0.467280 0.120354
1.520000 0.407352 0.079023
1.520010 0.403751 0.081983
1.526000 0.444937 0.069275
1.944000 0.386161 0.105622
