0.001000 0.480714 0.083478
0.020000 0.322227 0.044782
0.020010 0.409617 0.065415
0.020030 0.267973 0.048795
0.067000 0.368944 0.053168
0.100000 0.356732 0.155359
0.100010 0.449364 0.038596
0.100020 0.469714 0.130009
0.150000 0.456700 0.144628
0.170000 0.427270 0.058242
0.180000 0.477383 0.089362
0.250000 0.402850 0.055979
0.250010 0.507995 0.060861
0.300000 0.466191 0.056591
0.310000 0.465241 0.096376
0.320000 0.515422 0.097941
0.320010 0.475722 0.100488
0.320020 0.437437 0.054288
0.350000 0.456944 0.048847
0.350010 0.442395 0.084641
0.360000 0.464601 0.097238
0.370000 0.459885 0.039908
0.370010 0.490300 0.059274
0.380000 0.461027 0.059753
0.380010 0.429067 0.044316
0.380020 0.490075 0.051195
0.400000 0.483215 0.041080
0.400010 0.455150 0.086437
0.440000 0.488519 0.079387
0.440010 0.470815 0.078048
0.480000 0.466449 0.066466
0.500000 0.382692 0.043955
0.510000 0.464278 0.036999
0.510010 0.457504 0.049501
0.520000 0.427692 0.064062
0.560000 0.439847 0.066714
0.570000 0.488965 0.046529
0.570010 0.463858 0.028549
0.590000 0.463406 0.060702
0.590010 0.463746 0.068122
0.600000 0.487020 0.063266
0.600010 0.440028 0.067907
0.600020 0.483011 0.113921
0.600030 0.459483 0.117479
0.610000 0.438980 0.033971
0.610010 0.407523 0.045116
0.640000 0.480902 0.069541
0.727000 0.138557 0.076984
0.730000 0.503243 0.074586
0.760000 0.463361 0.040418
0.770000 0.451070 0.183709
0.800000 0.453612 0.079871
0.850000 0.447961 0.111038
0.860000 0.424673 0.099835
0.860010 0.513443 0.112684
0.978000 0.416998 0.173902
1.050000 0.511737 0.080729
1.230000 0.368552 0.102114
1.400000 0.442327 0.118369
1.520000 0.420440 0.074619
1.520010 0.402782 0.082017
1.526000 0.283998 0.067226
1.944000 0.456861 0.105847
