0.001000 0.237528 0.083071
0.020000 0.501706 0.045870
0.020010 0.358231 0.064673
0.020030 0.335655 0.046501
0.067000 0.368461 0.055825
0.100000 0.243584 0.157828
0.100010 0.381019 0.037525
0.100020 0.487089 0.132052
0.150000 0.495940 0.150581
0.170000 0.393774 0.058836
0.180000 0.422144 0.089008
0.250000 0.633830 0.056337
0.250010 0.364685 0.059987
0.300000 0.435556 0.055036
0.310000 0.440646 0.095885
0.320000 0.495656 0.098449
0.320010 0.475649 0.096388
0.320020 0.471936 0.056302
0.350000 0.465244 0.050615
0.350010 0.488021 0.089461
0.360000 0.443975 0.097746
0.370000 0.460391 0.038559
0.370010 0.442706 0.058343
0.380000 0.475647 0.059573
0.380010 0.522921 0.046216
0.380020 0.458384 0.052054
0.400000 0.479221 0.040939
0.400010 0.474201 0.088694
0.440000 0.483475 0.079183
0.440010 0.473537 0.077387
0.480000 0.483255 0.065136
0.500000 0.433374 0.042088
0.510000 0.458940 0.037790
0.510010 0.473499 0.048738
0.520000 0.467887 0.064098
0.560000 0.416752 0.064599
0.570000 0.499026 0.045925
0.570010 0.392477 0.028789
0.590000 0.451434 0.062742
0.590010 0.459145 0.065345
0.600000 0.468868 0.060096
0.600010 0.438257 0.067629
0.600020 0.453796 0.119227
0.600030 0.569860 0.116555
0.610000 0.419367 0.033621
0.610010 0.480037 0.042271
0.640000 0.458800 0.071960
0.727000 0.428794 0.077035
0.730000 0.483009 0.072531
0.760000 0.455605 0.041270
0.770000 0.371970 0.175590
0.800000 0.441106 0.078278
0.850000 0.451983 0.107709
0.860000 0.393824 0.100589
0.860010 0.467482 0.111077
0.978000 0.463138 0.177463
1.050000 0.359801 0.078302
1.230000 0.330911 0.101738
1.400000 0.478916 0.120307
1.520000 0.407651 0.074326
1.520010 0.418668 0.080360
1.526000 0.445131 0.069622
1.944000 0.451317 0.102632
