0.001000 0.476456 0.086786
0.020000 0.334601 0.047663
0.020010 0.378083 0.064212
0.020030 0.391210 0.045266
0.067000 0.476985 0.056514
0.100000 0.364407 0.156661
0.100010 0.415338 0.038412
0.100020 0.423365 0.130591
0.150000 0.459992 0.142712
0.170000 0.483477 0.060437
0.180000 0.470699 0.089618
0.250000 0.229753 0.057714
0.250010 0.382687 0.059298
0.300000 0.448383 0.054622
0.310000 0.475412 0.098290
0.320000 0.387724 0.092756
0.320010 0.484304 0.102376
0.320020 0.471785 0.055332
0.350000 0.459689 0.049000
0.350010 0.405387 0.091977
0.360000 0.463070 0.096613
0.370000 0.453050 0.038212
0.370010 0.502086 0.058142
0.380000 0.475339 0.059178
0.380010 0.433962 0.045147
0.380020 0.471820 0.050246
0.400000 0.434181 0.042112
0.400010 0.448208 0.085074
0.440000 0.555888 0.080526
0.440010 0.446840 0.076658
0.480000 0.468790 0.065137
0.500000 0.482709 0.043215
0.510000 0.462609 0.037366
0.510010 0.452012 0.047173
0.520000 0.458603 0.064829
0.560000 0.472826 0.068016
0.570000 0.498763 0.045656
0.570010 0.438375 0.029313
0.590000 0.454785 0.059425
0.590010 0.468719 0.062980
0.600000 0.434773 0.062515
0.600010 0.465010 0.066746
0.600020 0.448616 0.122202
0.600030 0.336375 0.116028
0.610000 0.531682 0.033626
0.610010 0.411110 0.043815
0.640000 0.442533 0.068109
0.727000 0.501251 0.079547
0.730000 0.455197 0.070454
0.760000 0.501734 0.039595
0.770000 0.458721 0.175098
0.800000 0.439795 0.081186
0.850000 0.441270 0.110061
0.860000 0.487966 0.099080
0.860010 0.436227 0.105280
0.978000 0.403563 0.182247
1.050000 0.547225 0.084030
1.230000 0.445810 0.097233
1.400000 0.496895 0.117843
1.520000 0.408710 0.076066
1.520010 0.446436 0.079201
1.526000 0.485896 0.070268
1.944000 0.453744 0.106281
