0.001000 0.718483 0.082760
0.020000 0.370749 0.048946
0.020010 0.366032 0.061668
0.020030 0.420939 0.044776
0.067000 0.445179 0.053391
0.100000 0.485295 0.158417
0.100010 0.402989 0.036013
0.100020 0.462506 0.127138
0.150000 0.531076 0.141141
0.170000 0.437942 0.058597
0.180000 0.374404 0.092995
0.250000 0.439935 0.058289
0.250010 0.408609 0.058857
0.300000 0.510034 0.056526
0.310000 0.483414 0.100605
0.320000 0.495956 0.095647
0.320010 0.454288 0.101385
0.320020 0.499388 0.053541
0.350000 0.482059 0.051140
0.350010 0.491956 0.089739
0.360000 0.461711 0.096306
0.370000 0.460070 0.037760
0.370010 0.482997 0.058566
0.380000 0.416130 0.059168
0.380010 0.533851 0.045872
0.380020 0.462342 0.051174
0.400000 0.518570 0.042367
0.400010 0.472622 0.083600
0.440000 0.412805 0.079053
0.440010 0.453235 0.076477
0.480000 0.403474 0.065002
0.500000 0.511958 0.041332
0.510000 0.463834 0.037903
0.510010 0.455798 0.050714
0.520000 0.458490 0.066352
0.560000 0.482514 0.064112
0.570000 0.417886 0.045680
0.570010 0.479919 0.029445
0.590000 0.449732 0.056865
0.590010 0.502631 0.062238
0.600000 0.328194 0.064318
0.600010 0.450067 0.068276
0.600020 0.450421 0.117063
0.600030 0.360017 0.120776
0.610000 0.460216 0.034912
0.610010 0.453639 0.045586
0.640000 0.435426 0.070398
0.727000 0.322003 0.075703
0.730000 0.450672 0.070079
0.760000 0.476844 0.039605
0.770000 0.477116 0.180021
0.800000 0.435334 0.080406
0.850000 0.448794 0.108549
0.860000 0.463632 0.098276
0.860010 0.369315 0.107363
0.978000 0.465299 0.180420
1.050000 0.458975 0.079835
1.230000 0.511764 0.097434
1.400000 0.366656 0.115231
1.520000 0.420540 0.078504
1.520010 0.434462 0.083417
1.526000 0.399289 0.070416
1.944000 0.365666 0.108412
