0.001000 0.663069 0.085117
0.020000 0.352608 0.049045
0.020010 0.380674 0.067323
0.020030 0.387240 0.046762
0.067000 0.434353 0.057299
0.100000 0.437586 0.158975
0.100010 0.375909 0.039672
0.100020 0.531722 0.128981
0.150000 0.447304 0.143671
0.170000 0.485574 0.060609
0.180000 0.372950 0.092223
0.250000 0.375689 0.058454
0.250010 0.399541 0.060398
0.300000 0.474754 0.056881
0.310000 0.427653 0.095798
0.320000 0.432064 0.093422
0.320010 0.446976 0.099213
0.320020 0.472871 0.056755
0.350000 0.491904 0.049546
0.350010 0.458214 0.092102
0.360000 0.478784 0.099529
0.370000 0.460145 0.037346
0.370010 0.449295 0.055617
0.380000 0.445515 0.058881
0.380010 0.480584 0.045949
0.380020 0.488332 0.053469
0.400000 0.431085 0.041331
0.400010 0.459328 0.084033
0.440000 0.476565 0.077969
0.440010 0.436170 0.076659
0.480000 0.459163 0.066596
0.500000 0.404601 0.044210
0.510000 0.463287 0.037791
0.510010 0.475446 0.051597
0.520000 0.468644 0.064309
0.560000 0.447043 0.068256
0.570000 0.447820 0.044193
0.570010 0.435159 0.027896
0.590000 0.443463 0.060640
0.590010 0.444444 0.064150
0.600000 0.460580 0.063516
0.600010 0.489843 0.065816
0.600020 0.451011 0.117046
0.600030 0.498430 0.119622
0.610000 0.450224 0.035736
0.610010 0.494839 0.045136
0.640000 0.449803 0.073923
0.727000 0.255313 0.076329
0.730000 0.488977 0.074279
0.760000 0.448603 0.040585
0.770000 0.478889 0.187995
0.800000 0.463629 0.080784
0.850000 0.450566 0.111341
0.860000 0.431227 0.100891
0.860010 0.445826 0.111988
0.978000 0.397663 0.167248
1.050000 0.587653 0.081743
1.230000 0.375061 0.100720
1.400000 0.357031 0.113951
1.520000 0.421834 0.075002
1.520010 0.406574 0.083883
1.526000 0.459588 0.073473
1.944000 0.528642 0.106543
