0.001000 0.141560 0.083734
0.020000 0.359518 0.050426
0.020010 0.357982 0.063515
0.020030 0.512893 0.047516
0.067000 0.392408 0.054355
0.100000 0.508641 0.162624
0.100010 0.480537 0.039029
0.100020 0.334273 0.130746
0.150000 0.497856 0.143992
0.170000 0.436249 0.060477
0.180000 0.440981 0.091508
0.250000 0.547316 0.058504
0.250010 0.343484 0.060714
0.300000 0.351457 0.054839
0.310000 0.434022 0.098355
0.320000 0.307863 0.096883
0.320010 0.462175 0.104311
0.320020 0.399597 0.058547
0.350000 0.453577 0.049891
0.350010 0.426166 0.086547
0.360000 0.440975 0.098311
0.370000 0.461244 0.037310
0.370010 0.461993 0.057353
0.380000 0.458444 0.061600
0.380010 0.490982 0.044691
0.380020 0.455565 0.052800
0.400000 0.416035 0.040558
0.400010 0.475176 0.085928
0.440000 0.485395 0.081209
0.440010 0.444506 0.073839
0.480000 0.440275 0.066165
0.500000 0.513377 0.043552
0.510000 0.475333 0.038262
0.510010 0.458423 0.051447
0.520000 0.453943 0.062873
0.560000 0.435097 0.064544
0.570000 0.361081 0.044070
0.570010 0.491373 0.028820
0.590000 0.466822 0.060552
0.590010 0.473905 0.066212
0.600000 0.413907 0.064611
0.600010 0.368749 0.066858
0.600020 0.450731 0.117973
0.600030 0.498797 0.119320
0.610000 0.482957 0.034289
0.610010 0.365748 0.042399
0.640000 0.476153 0.069977
0.727000 0.497467 0.076281
0.730000 0.458483 0.066315
0.760000 0.462358 0.040139
0.770000 0.439193 0.177435
0.800000 0.465132 0.081413
0.850000 0.439794 0.111783
0.860000 0.464250 0.098893
0.860010 0.429318 0.108971
0.978000 0.415042 0.176262
1.050000 0.491900 0.077558
1.230000 0.455633 0.098068
1.400000 0.348045 0.118755
1.520000 0.419707 0.076955
1.520010 0.404177 0.076936
1.526000 0.313242 0.072811
1.944000 0.415359 0.108731
