0.001000 0.093850 0.084426
0.020000 0.381654 0.049762
0.020010 0.370777 0.065471
0.020030 0.339148 0.045882
0.067000 0.405308 0.054064
0.100000 0.322409 0.159417
0.100010 0.378019 0.038095
0.100020 0.493374 0.128245
0.150000 0.449731 0.141610
0.170000 0.366309 0.060011
0.180000 0.484323 0.085808
0.250000 0.376389 0.056950
0.250010 0.335681 0.061253
0.300000 0.519889 0.055456
0.310000 0.460899 0.101805
0.320000 0.447494 0.094652
0.320010 0.422216 0.104808
0.320020 0.503554 0.055028
0.350000 0.472981 0.049826
0.350010 0.475929 0.088930
0.360000 0.460805 0.095704
0.370000 0.460528 0.037675
0.370010 0.514808 0.059756
0.380000 0.430384 0.058855
0.380010 0.522157 0.045502
0.380020 0.450537 0.051371
0.400000 0.461749 0.041839
0.400010 0.475566 0.085467
0.440000 0.596599 0.080367
0.440010 0.466427 0.074571
0.480000 0.476050 0.070438
0.500000 0.482701 0.043574
0.510000 0.473469 0.037077
0.510010 0.467438 0.048398
0.520000 0.467557 0.064422
0.560000 0.464897 0.068372
0.570000 0.463824 0.044474
0.570010 0.416749 0.029845
0.590000 0.432466 0.058470
0.590010 0.466495 0.066769
0.600000 0.496078 0.064799
0.600010 0.454249 0.067886
0.600020 0.436597 0.120007
0.600030 0.358269 0.123091
0.610000 0.450094 0.033519
0.610010 0.464028 0.044176
0.640000 0.498356 0.068445
0.727000 0.626789 0.076124
0.730000 0.448963 0.068584
0.760000 0.432429 0.040177
0.770000 0.503252 0.182592
0.800000 0.437546 0.080887
0.850000 0.437336 0.108367
0.860000 0.496654 0.098582
0.860010 0.407711 0.111361
0.978000 0.406318 0.164743
1.050000 0.396118 0.082329
1.230000 0.403777 0.100947
1.400000 0.478800 0.118365
1.520000 0.416129 0.077548
1.520010 0.432733 0.078411
1.526000 0.514021 0.068362
1.944000 0.316324 0.107011
