0.001000 0.315441 0.080830
0.020000 0.438635 0.046445
0.020010 0.372598 0.063854
0.020030 0.341468 0.045418
0.067000 0.438311 0.054401
0.100000 0.304727 0.160029
0.100010 0.341741 0.039021
0.100020 0.445961 0.131841
0.150000 0.484561 0.145269
0.170000 0.451382 0.060568
0.180000 0.391557 0.088571
0.250000 0.419738 0.058492
0.250010 0.437828 0.064516
0.300000 0.379845 0.054929
0.310000 0.467013 0.093996
0.320000 0.615152 0.093122
0.320010 0.416510 0.099542
0.320020 0.474802 0.056314
0.350000 0.467298 0.051307
0.350010 0.484725 0.087426
0.360000 0.448072 0.097652
0.370000 0.459427 0.037425
0.370010 0.407489 0.058994
0.380000 0.466642 0.062268
0.380010 0.504028 0.044191
0.380020 0.474291 0.050773
0.400000 0.493096 0.039213
0.400010 0.461185 0.088005
0.440000 0.486249 0.078104
0.440010 0.458710 0.077346
0.480000 0.504419 0.069459
0.500000 0.388014 0.043117
0.510000 0.455735 0.039032
0.510010 0.442624 0.049064
0.520000 0.482743 0.065648
0.560000 0.480942 0.067910
0.570000 0.501729 0.046161
0.570010 0.499169 0.028955
0.590000 0.461340 0.061569
0.590010 0.488499 0.063883
0.600000 0.333133 0.063688
0.600010 0.471541 0.068367
0.600020 0.480617 0.120642
0.600030 0.564717 0.115243
0.610000 0.449089 0.034454
0.610010 0.449564 0.045324
0.640000 0.455196 0.072278
0.727000 0.524262 0.078834
0.730000 0.467962 0.072910
0.760000 0.456342 0.040195
0.770000 0.453741 0.175620
0.800000 0.480763 0.076383
0.850000 0.454971 0.104580
0.860000 0.477490 0.101342
0.860010 0.448721 0.105642
0.978000 0.405982 0.176915
1.050000 0.432767 0.080592
1.230000 0.433679 0.099454
1.400000 0.421608 0.117864
1.520000 0.420721 0.075866
1.520010 0.433274 0.078098
1.526000 0.438127 0.068934
1.944000 0.440046 0.102611
