0.001000 0.101233 0.082413
0.020000 0.407623 0.047386
0.020010 0.347916 0.066285
0.020030 0.443109 0.046905
0.067000 0.374232 0.055399
0.100000 0.402604 0.160589
0.100010 0.379587 0.038000
0.100020 0.428295 0.128015
0.150000 0.462273 0.142249
0.170000 0.587240 0.059230
0.180000 0.462844 0.092804
0.250000 0.408819 0.057387
0.250010 0.506764 0.061870
0.300000 0.507855 0.054697
0.310000 0.468700 0.101523
0.320000 0.464715 0.095824
0.320010 0.430422 0.102425
0.320020 0.509627 0.054572
0.350000 0.437968 0.048861
0.350010 0.449032 0.088611
0.360000 0.448474 0.094067
0.370000 0.463479 0.036771
0.370010 0.438553 0.060620
0.380000 0.464251 0.060980
0.380010 0.425897 0.045022
0.380020 0.495091 0.051473
0.400000 0.446035 0.040647
0.400010 0.461190 0.085913
0.440000 0.371630 0.079610
0.440010 0.463698 0.076333
0.480000 0.459850 0.066706
0.500000 0.510043 0.042762
0.510000 0.458863 0.038205
0.510010 0.472622 0.048836
0.520000 0.454915 0.066160
0.560000 0.478756 0.067847
0.570000 0.514044 0.044899
0.570010 0.438702 0.028105
0.590000 0.473175 0.058445
0.590010 0.469115 0.068448
0.600000 0.426938 0.063656
0.600010 0.411103 0.068328
0.600020 0.473384 0.118186
0.600030 0.548981 0.119308
0.610000 0.481493 0.036210
0.610010 0.416792 0.043173
0.640000 0.450765 0.068961
0.727000 0.624552 0.075540
0.730000 0.495760 0.069642
0.760000 0.472527 0.041242
0.770000 0.468610 0.172097
0.800000 0.459285 0.082996
0.850000 0.440079 0.108095
0.860000 0.491169 0.097897
0.860010 0.435420 0.111876
0.978000 0.624290 0.178334
1.050000 0.573447 0.080890
1.230000 0.368461 0.098387
1.400000 0.475704 0.112174
1.520000 0.417514 0.074854
1.520010 0.426951 0.082890
1.526000 0.417406 0.071641
1.944000 0.405693 0.107288
