0.070000 69.498799 20.047848
0.090000 79.268843 12.010754
0.120000 81.032247 26.460456
0.170000 81.038985 7.792194
0.179100 77.377567 3.904369
0.199300 78.427402 5.029023
0.200000 79.134526 30.274488
0.270000 78.213352 13.688683
0.280000 74.505383 36.419768
0.351900 84.417653 13.962639
0.380200 85.717044 13.326171
0.400000 81.153777 17.016135
0.400400 84.365142 10.176216
0.424700 87.226292 11.342225
0.449700 89.492033 12.865169
0.470000 90.512357 33.159835
0.478300 71.604603 9.177587
0.480000 93.084781 59.231048
0.592900 89.650298 13.069354
0.679700 96.880554 7.829132
0.781200 110.663533 11.727385
0.875400 112.718768 17.026026
0.880000 112.655346 38.262251
0.900000 116.542529 23.185060
1.037000 130.491332 19.629458
1.300000 166.227296 16.961037
1.363000 145.648535 32.573447
1.430000 118.895229 17.524904
1.530000 175.195560 14.072449
1.750000 200.462569 40.646190
1.965000 174.079925 49.443417
