0.070000 72.890592 19.018123
0.090000 79.691980 12.195913
0.120000 75.522627 25.277327
0.170000 73.249976 8.367456
0.179100 74.954570 4.034950
0.199300 77.555123 5.195531
0.200000 72.340907 30.232209
0.270000 78.741112 13.709613
0.280000 70.558973 36.074754
0.351900 81.924775 14.744093
0.380200 84.792606 13.367473
0.400000 91.896641 17.225725
0.400400 79.463796 10.362373
0.424700 87.918253 11.502587
0.449700 89.998215 13.578380
0.470000 88.586973 34.259955
0.478300 83.267432 8.937754
0.480000 94.458816 60.680441
0.592900 93.230311 13.122484
0.679700 94.529893 8.239709
0.781200 112.600634 11.926226
0.875400 120.937986 16.561790
0.880000 117.302951 37.817247
0.900000 121.387511 22.465250
1.037000 72.376673 20.006065
1.300000 151.979089 17.056028
1.363000 146.566802 31.686304
1.430000 169.511769 18.510482
1.530000 129.029960 14.108703
1.750000 182.398082 39.341020
1.965000 224.208273 49.222911
