0.070000 73.954536 20.133617
0.090000 71.095710 12.101717
0.120000 74.387125 25.907727
0.170000 76.071887 8.271120
0.179100 76.270762 4.129006
0.199300 78.549897 4.879859
0.200000 85.153260 29.798401
0.270000 81.616686 14.349224
0.280000 66.219979 36.094591
0.351900 85.145681 14.247757
0.380200 85.885588 13.732415
0.400000 88.408473 17.623915
0.400400 84.115559 10.479949
0.424700 87.071581 11.097499
0.449700 87.353890 12.194879
0.470000 87.518887 33.133171
0.478300 100.169011 9.572193
0.480000 98.514539 58.282783
0.592900 103.310352 12.920302
0.679700 114.373030 8.087578
0.781200 107.358629 12.283659
0.875400 110.341514 17.395279
0.880000 101.336203 40.771231
0.900000 116.333043 23.336847
1.037000 105.267068 19.308655
1.300000 154.947987 16.778674
1.363000 148.341989 33.565404
1.430000 132.282762 18.354810
1.530000 172.357037 14.481267
1.750000 174.130011 40.761361
1.965000 207.156399 52.113241
