0.070000 71.406183 19.373256
0.090000 75.634087 12.056428
0.120000 72.985618 24.516285
0.170000 74.936288 7.980910
0.179100 77.259887 3.888727
0.199300 73.106997 4.935953
0.200000 77.691027 30.167263
0.270000 78.138281 13.319608
0.280000 91.931174 37.049282
0.351900 84.238135 13.921968
0.380200 89.212838 13.604202
0.400000 90.811688 16.570107
0.400400 90.161892 10.256886
0.424700 87.020184 11.395798
0.449700 87.537905 12.947473
0.470000 89.453226 33.393388
0.478300 91.805931 9.213407
0.480000 84.570180 62.551566
0.592900 79.851288 13.190719
0.679700 96.677678 8.354234
0.781200 112.479706 11.864504
0.875400 100.890500 16.400395
0.880000 72.632838 40.210757
0.900000 117.089824 23.255828
1.037000 106.424120 20.184672
1.300000 106.223546 17.212945
1.363000 160.312794 33.152954
1.430000 169.860344 17.401419
1.530000 187.030438 13.822499
1.750000 171.128918 39.932365
1.965000 236.644425 51.435403
