0.070000 74.040935 19.247408
0.090000 70.509315 11.539230
0.120000 83.038306 25.855526
0.170000 62.623292 7.978269
0.179100 74.015555 3.947771
0.199300 79.128654 5.109941
0.200000 79.566439 29.766572
0.270000 79.875863 14.424527
0.280000 92.802005 36.652970
0.351900 83.652257 14.090642
0.380200 84.442676 13.512955
0.400000 86.159516 16.236040
0.400400 101.638673 10.116128
0.424700 87.123058 11.502169
0.449700 87.141006 12.639789
0.470000 88.990819 33.724212
0.478300 70.045276 9.306026
0.480000 78.886746 59.009916
0.592900 87.110717 13.097814
0.679700 91.680761 7.847094
0.781200 107.605324 11.707767
0.875400 102.943291 16.573830
0.880000 127.644072 40.479809
0.900000 117.641849 22.705515
1.037000 125.565766 20.173938
1.300000 152.820967 16.741412
1.363000 155.278694 34.370934
1.430000 149.072956 17.750465
1.530000 172.787295 14.116016
1.750000 169.692520 39.269769
1.965000 218.515550 48.765690
