0.070000 69.275645 19.413425
0.090000 72.104356 11.989959
0.120000 74.261328 26.333330
0.170000 78.274703 8.026922
0.179100 76.273280 4.036685
0.199300 78.106375 4.833058
0.200000 64.866769 29.599482
0.270000 75.981524 13.785882
0.280000 81.124253 36.035306
0.351900 85.130365 14.344899
0.380200 86.191969 13.353232
0.400000 77.731686 16.754751
0.400400 98.200656 9.935815
0.424700 89.106170 11.186624
0.449700 84.617564 12.716916
0.470000 91.781159 33.535655
0.478300 88.799785 9.110304
0.480000 87.623789 60.357046
0.592900 91.808117 13.299072
0.679700 93.421551 7.969277
0.781200 102.325570 12.503355
0.875400 112.745569 16.748433
0.880000 118.966939 40.181999
0.900000 117.138587 23.055689
1.037000 126.958087 20.604464
1.300000 175.433702 16.915273
1.363000 149.584933 34.050269
1.430000 157.572555 17.735704
1.530000 151.650668 14.109938
1.750000 196.447407 40.341161
1.965000 195.036907 50.753665
