0.070000 74.323153 19.037098
0.090000 81.520174 11.534913
0.120000 67.628036 26.298452
0.170000 71.985313 8.047456
0.179100 74.285554 4.048849
0.199300 81.115703 5.018893
0.200000 76.912599 29.158468
0.270000 81.247925 14.026786
0.280000 83.603596 36.098159
0.351900 83.623035 13.836289
0.380200 86.559802 13.208320
0.400000 79.844501 17.042425
0.400400 90.923741 10.186794
0.424700 86.737120 11.234068
0.449700 90.613531 12.743437
0.470000 90.061052 34.079687
0.478300 78.815696 8.690654
0.480000 89.483707 58.966382
0.592900 91.618498 13.714522
0.679700 108.313356 7.995352
0.781200 106.261420 12.141114
0.875400 104.788446 16.904449
0.880000 79.161393 40.949919
0.900000 116.844485 23.275667
1.037000 186.438229 19.961665
1.300000 178.314754 16.838587
1.363000 140.079313 33.184334
1.430000 147.744032 17.763943
1.530000 118.419352 13.893363
1.750000 206.589276 40.425322
1.965000 184.300176 51.694183
