0.070000 78.349468 20.353596
0.090000 68.041637 12.581978
0.120000 64.664972 26.947763
0.170000 82.180587 8.038756
0.179100 73.971877 3.992527
0.199300 78.171668 4.908980
0.200000 76.203195 29.008094
0.270000 81.463067 14.586333
0.280000 75.580801 36.728216
0.351900 84.696706 13.933310
0.380200 85.082847 13.241707
0.400000 96.387470 17.727533
0.400400 73.043825 10.008430
0.424700 88.688833 11.481782
0.449700 92.251323 12.533785
0.470000 91.319325 34.845046
0.478300 93.577555 9.066488
0.480000 97.292244 60.920547
0.592900 94.930836 12.782997
0.679700 99.521624 7.862860
0.781200 105.025705 11.849763
0.875400 109.832500 16.993472
0.880000 107.936330 39.907061
0.900000 118.126425 22.880554
1.037000 130.798922 19.160161
1.300000 181.823328 16.707943
1.363000 149.454736 33.514740
1.430000 180.717823 17.725699
1.530000 150.593707 13.712141
1.750000 214.991084 39.701063
1.965000 199.898572 48.015940
