0.070000 73.089999 19.993226
0.090000 72.681160 11.829423
0.120000 70.786286 26.529677
0.170000 91.062088 8.036938
0.179100 78.038977 3.943139
0.199300 75.700249 5.170796
0.200000 81.670061 29.929138
0.270000 86.399576 13.744070
0.280000 85.329798 36.074664
0.351900 83.826678 14.356696
0.380200 86.165073 13.609444
0.400000 81.993462 16.249567
0.400400 101.895795 10.237489
0.424700 87.068325 11.389097
0.449700 94.065362 13.016813
0.470000 89.702228 33.275296
0.478300 76.408377 8.955914
0.480000 92.083892 59.017891
0.592900 101.719929 12.601875
0.679700 101.370753 8.029135
0.781200 105.559811 12.128781
0.875400 125.821275 17.013510
0.880000 96.871883 38.874138
0.900000 118.647314 23.217713
1.037000 99.170098 20.211254
1.300000 137.846637 16.776820
1.363000 156.302811 32.534532
1.430000 189.250776 17.543375
1.530000 154.303335 14.089340
1.750000 186.161712 40.675546
1.965000 190.710736 50.707349
