0.070000 67.386346 20.008647
0.090000 73.597425 12.426966
0.120000 74.270883 25.089110
0.170000 73.277460 7.996966
0.179100 76.127599 3.976964
0.199300 77.890034 5.119109
0.200000 79.436119 29.755397
0.270000 73.740678 14.319139
0.280000 87.417502 37.510925
0.351900 84.407430 14.521368
0.380200 86.811754 13.428251
0.400000 98.924654 16.621994
0.400400 77.456525 10.553306
0.424700 88.203587 11.390230
0.449700 88.649615 12.516228
0.470000 89.284537 31.504330
0.478300 89.839531 8.956083
0.480000 88.298972 60.742053
0.592900 81.870529 13.159167
0.679700 97.379616 7.984482
0.781200 108.345477 11.795174
0.875400 118.925988 17.108145
0.880000 139.841978 40.018134
0.900000 116.652834 22.831595
1.037000 162.841310 19.974227
1.300000 138.424540 16.698970
1.363000 135.406059 33.532614
1.430000 163.825775 17.969286
1.530000 189.133518 13.695886
1.750000 172.307262 39.688288
1.965000 222.258036 50.778239
