0.070000 69.907261 20.132740
0.090000 80.863244 11.302014
0.120000 73.525329 26.624500
0.170000 74.765246 7.817721
0.179100 76.761878 4.107398
0.199300 75.696591 4.766902
0.200000 77.439534 30.106970
0.270000 78.363367 14.258956
0.280000 81.814295 37.464206
0.351900 82.848660 13.777012
0.380200 85.298889 13.564356
0.400000 75.968509 17.442739
0.400400 75.204246 10.265553
0.424700 88.030947 11.041726
0.449700 83.062022 12.831041
0.470000 89.950265 33.881113
0.478300 86.295160 9.303905
0.480000 89.832553 59.641504
0.592900 94.324292 12.955529
0.679700 103.671794 8.214354
0.781200 108.742279 11.880324
0.875400 112.751910 16.945051
0.880000 85.503736 40.487821
0.900000 117.334775 22.789084
1.037000 76.348005 20.051989
1.300000 167.951585 16.857795
1.363000 140.587299 33.815772
1.430000 158.726917 16.982594
1.530000 154.769581 13.906574
1.750000 170.457246 40.584557
1.965000 202.894355 48.149660
