0.070000 75.778895 20.410036
0.090000 71.617229 11.554991
0.120000 76.986971 25.998214
0.170000 66.154458 7.841064
0.179100 77.317429 4.042075
0.199300 77.103708 5.053074
0.200000 80.905036 30.241088
0.270000 77.439753 13.515032
0.280000 80.019166 36.517036
0.351900 83.114111 14.427327
0.380200 84.845974 13.924468
0.400000 91.977827 17.312588
0.400400 82.332840 10.205808
0.424700 87.447926 10.828878
0.449700 85.228896 13.357956
0.470000 88.776623 33.749021
0.478300 99.112974 9.312380
0.480000 82.553683 60.224364
0.592900 89.482309 13.060655
0.679700 123.801023 7.436861
0.781200 107.286858 12.411548
0.875400 108.796769 17.266247
0.880000 78.598003 39.566956
0.900000 115.080056 22.734265
1.037000 130.447418 20.387663
1.300000 136.097304 16.788181
1.363000 144.877696 34.159131
1.430000 173.155771 17.722191
1.530000 198.497311 13.928056
1.750000 193.399785 40.781481
1.965000 231.934546 50.105359
