0.070000 74.378291 20.231336
0.090000 69.665598 12.095678
0.120000 64.488593 25.951305
0.170000 85.363519 8.223885
0.179100 76.296146 4.028150
0.199300 76.576535 5.072367
0.200000 80.002850 29.741482
0.270000 78.030952 13.456639
0.280000 66.959197 37.580072
0.351900 83.527525 13.833910
0.380200 83.361049 14.080693
0.400000 82.146576 17.278756
0.400400 69.363489 9.995029
0.424700 88.177082 11.284100
0.449700 86.566055 12.800229
0.470000 89.002109 33.137575
0.478300 90.528514 9.179351
0.480000 92.000027 59.637989
0.592900 85.392490 12.928307
0.679700 88.385409 7.735973
0.781200 111.679581 12.005825
0.875400 115.562380 17.073465
0.880000 94.892118 38.109896
0.900000 117.247882 22.552845
1.037000 147.919542 20.140815
1.300000 147.842992 17.295138
1.363000 155.395215 32.886932
1.430000 142.232610 17.745130
1.530000 144.506694 13.750716
1.750000 173.702430 40.529290
1.965000 209.328187 50.526403
