0.070000 68.853970 19.239172
0.090000 80.810409 11.794865
0.120000 76.134545 26.894928
0.170000 77.291983 7.673698
0.179100 76.470878 4.101077
0.199300 76.369244 5.083792
0.200000 74.549864 28.863383
0.270000 82.546408 14.077768
0.280000 80.554376 35.507582
0.351900 85.398741 13.870701
0.380200 86.372327 13.389738
0.400000 89.206986 16.704311
0.400400 112.822951 9.755289
0.424700 89.630825 11.717664
0.449700 93.824661 12.932491
0.470000 88.268684 36.093198
0.478300 79.503014 8.901313
0.480000 82.731317 59.582530
0.592900 86.338662 13.079233
0.679700 119.994458 7.992738
0.781200 108.573673 12.800953
0.875400 118.217138 17.107862
0.880000 99.803719 40.394647
0.900000 117.762620 23.305427
1.037000 113.998965 20.099571
1.300000 163.188278 16.547128
1.363000 157.351660 32.893499
1.430000 175.139546 18.313678
1.530000 204.433044 14.162671
1.750000 172.418759 41.053871
1.965000 195.062917 51.238531
