0.070000 66.475974 19.202857
0.090000 64.233311 11.886358
0.120000 71.333642 27.009936
0.170000 83.685925 8.126890
0.179100 73.978365 3.938777
0.199300 74.178469 5.111211
0.200000 68.964797 30.469424
0.270000 85.216306 14.157420
0.280000 68.156326 37.703930
0.351900 83.410060 14.056723
0.380200 87.615729 13.919680
0.400000 77.171368 17.494122
0.400400 83.261588 10.045983
0.424700 90.003473 11.248118
0.449700 88.330463 12.361102
0.470000 94.612875 32.430162
0.478300 91.857008 8.995819
0.480000 90.850273 58.345687
0.592900 96.506765 12.947133
0.679700 95.738962 8.209435
0.781200 104.702275 12.353041
0.875400 119.160133 17.056953
0.880000 115.899290 41.078617
0.900000 114.598770 22.852719
1.037000 65.940383 19.138391
1.300000 147.327374 17.294852
1.363000 161.473525 32.892540
1.430000 145.779491 18.596102
1.530000 163.223031 13.749549
1.750000 170.239995 39.925517
1.965000 216.376243 48.446161
