0.070000 76.017369 19.901906
0.090000 74.713559 12.481257
0.120000 69.003163 26.103375
0.170000 75.457977 8.140019
0.179100 74.897091 4.066737
0.199300 74.673954 5.093648
0.200000 80.469407 29.545307
0.270000 81.868428 14.425023
0.280000 70.766826 36.924784
0.351900 86.427846 14.477215
0.380200 83.307744 13.626134
0.400000 84.333130 16.400892
0.400400 86.123667 10.314173
0.424700 87.524580 10.913551
0.449700 87.750689 13.121915
0.470000 92.316681 35.128141
0.478300 72.170830 8.842297
0.480000 103.698216 60.007284
0.592900 99.216578 12.817786
0.679700 87.029161 7.939684
0.781200 114.587045 12.295938
0.875400 122.356944 17.512460
0.880000 108.808190 38.205403
0.900000 116.998472 24.134895
1.037000 119.139706 20.347887
1.300000 177.057357 16.742686
1.363000 145.353875 32.629230
1.430000 181.520844 17.511316
1.530000 136.463210 13.908460
1.750000 158.465593 39.822972
1.965000 221.577803 51.733845
