0.070000 67.934155 19.151163
0.090000 71.855052 11.792653
0.120000 69.472548 26.696013
0.170000 69.462529 7.918870
0.179100 74.571074 4.034287
0.199300 75.530496 5.161436
0.200000 76.098548 28.582882
0.270000 83.818875 14.614332
0.280000 77.110346 36.978761
0.351900 84.845570 13.500613
0.380200 80.997337 13.302623
0.400000 96.712928 17.006066
0.400400 85.579131 10.180276
0.424700 87.917318 10.923640
0.449700 91.475743 13.000857
0.470000 89.085430 33.322957
0.478300 78.373317 9.085498
0.480000 92.561155 59.460530
0.592900 92.002413 13.042887
0.679700 119.306863 7.908646
0.781200 106.038216 12.047383
0.875400 110.618931 17.737103
0.880000 153.505324 40.249188
0.900000 115.577253 22.558553
1.037000 107.041224 20.401449
1.300000 165.458913 16.673010
1.363000 149.729109 34.009913
1.430000 190.878217 17.631196
1.530000 125.098878 13.291712
1.750000 174.773347 39.671458
1.965000 218.355365 48.689958
