0.070000 67.200844 19.135915
0.090000 75.581061 11.883356
0.120000 65.836849 26.021044
0.170000 71.630327 8.328818
0.179100 75.233068 4.142274
0.199300 75.902751 4.875289
0.200000 81.676682 29.358767
0.270000 79.326193 13.958707
0.280000 77.934535 37.231979
0.351900 83.382208 14.053047
0.380200 85.982070 13.675001
0.400000 61.914780 16.570418
0.400400 93.272258 10.426949
0.424700 87.028351 11.338167
0.449700 78.773733 13.068242
0.470000 90.797150 33.560363
0.478300 104.310928 9.162072
0.480000 75.146354 57.854663
0.592900 93.943132 12.874974
0.679700 89.374770 7.811296
0.781200 105.159306 12.294346
0.875400 99.907673 16.914041
0.880000 82.898099 41.062419
0.900000 115.735892 23.070612
1.037000 50.567211 19.765252
1.300000 177.288089 17.048376
1.363000 147.237612 33.425771
1.430000 174.196807 17.859476
1.530000 134.887253 14.002158
1.750000 200.993194 40.220408
1.965000 168.284334 49.650380
