0.070000 72.232139 19.634402
0.090000 73.982550 11.599274
0.120000 70.662098 26.912929
0.170000 82.380678 7.840767
0.179100 78.029274 4.111234
0.199300 78.178317 5.159230
0.200000 75.930379 29.347247
0.270000 81.455669 13.884994
0.280000 78.975575 37.301224
0.351900 82.824938 14.300351
0.380200 89.550222 13.040404
0.400000 68.125426 17.161079
0.400400 81.000091 10.320271
0.424700 86.973017 10.960515
0.449700 90.986502 13.176894
0.470000 91.314016 32.994018
0.478300 101.830593 9.241417
0.480000 91.319544 59.608217
0.592900 94.786292 13.103821
0.679700 93.987674 8.189674
0.781200 108.393448 12.254333
0.875400 101.515545 16.767116
0.880000 112.600790 40.261213
0.900000 117.002110 23.395214
1.037000 182.085069 19.808297
1.300000 147.183145 17.437337
1.363000 149.329309 33.777766
1.430000 203.665308 18.111425
1.530000 174.865062 14.381325
1.750000 193.425813 39.971151
1.965000 196.147092 48.972242
