0.070000 72.883699 19.256344
0.090000 74.478994 11.921380
0.120000 71.241358 27.242309
0.170000 66.611769 8.208172
0.179100 78.429059 4.024413
0.199300 78.109097 5.070717
0.200000 78.245719 29.992420
0.270000 73.925830 14.206343
0.280000 82.066891 35.194090
0.351900 82.861401 13.831285
0.380200 89.541169 12.928784
0.400000 89.006787 17.179525
0.400400 96.177886 10.338551
0.424700 87.076341 11.471459
0.449700 92.191414 13.581855
0.470000 94.675398 32.809094
0.478300 98.166621 9.052604
0.480000 94.317243 58.251304
0.592900 100.831647 13.217111
0.679700 97.542596 7.673872
0.781200 114.899967 11.927358
0.875400 122.468573 17.149300
0.880000 123.590505 39.783245
0.900000 116.991168 22.585587
1.037000 104.415178 19.516984
1.300000 118.688454 17.129784
1.363000 156.527369 35.024681
1.430000 140.371318 17.592974
1.530000 154.598287 14.295504
1.750000 199.318265 39.962886
1.965000 209.319777 50.493751
