0.070000 74.807640 19.297122
0.090000 78.513741 12.191166
0.120000 67.787817 26.757751
0.170000 79.105271 7.915038
0.179100 77.012000 3.917754
0.199300 79.056215 4.953036
0.200000 76.337820 29.662438
0.270000 84.096006 14.231447
0.280000 81.020043 38.368677
0.351900 83.352869 13.932990
0.380200 85.001714 13.815207
0.400000 92.101067 17.187024
0.400400 75.887209 10.645518
0.424700 87.487373 11.132963
0.449700 85.343297 13.128303
0.470000 91.244745 33.911527
0.478300 88.373866 8.930066
0.480000 75.213975 59.579698
0.592900 97.296816 12.913882
0.679700 107.285987 8.029107
0.781200 104.371710 11.627013
0.875400 117.977867 17.251541
0.880000 54.283868 40.729997
0.900000 116.750251 23.061708
1.037000 104.377396 18.598538
1.300000 146.851251 16.557544
1.363000 154.804788 33.724729
1.430000 174.031483 18.363227
1.530000 157.407449 14.152243
1.750000 198.661294 40.191753
1.965000 223.787441 50.554516
