0.070000 71.067246 20.217348
0.090000 68.866563 11.779487
0.120000 69.776366 26.742182
0.170000 83.762133 8.063662
0.179100 78.219429 3.925049
0.199300 80.043712 4.901030
0.200000 74.040205 29.852429
0.270000 79.606563 14.366904
0.280000 85.110340 37.154376
0.351900 83.530520 13.973750
0.380200 87.489227 13.667400
0.400000 80.937188 16.797062
0.400400 103.866073 10.480907
0.424700 86.168348 11.309543
0.449700 83.368673 13.096469
0.470000 89.207002 35.108177
0.478300 79.814255 8.919020
0.480000 100.566901 60.009171
0.592900 105.785119 12.707212
0.679700 103.083589 7.621112
0.781200 110.432667 11.827032
0.875400 115.947663 17.310699
0.880000 158.405800 41.908416
0.900000 118.841821 22.536223
1.037000 152.262680 19.615349
1.300000 166.413161 17.523490
1.363000 155.579105 33.830346
1.430000 168.919941 18.085498
1.530000 163.505260 14.081187
1.750000 206.746704 40.823826
1.965000 212.717032 49.782570
