0.070000 72.977800 19.622215
0.090000 82.015631 11.579548
0.120000 71.722425 26.385691
0.170000 79.848293 7.723744
0.179100 77.602700 3.981446
0.199300 72.079944 5.017077
0.200000 75.114191 31.035652
0.270000 84.924132 13.369757
0.280000 72.254115 36.586910
0.351900 82.575134 14.053348
0.380200 84.474423 13.787442
0.400000 91.041070 16.716679
0.400400 93.437477 9.976485
0.424700 87.296172 11.241486
0.449700 91.588102 12.852365
0.470000 90.786371 34.060211
0.478300 103.370909 8.674119
0.480000 96.604151 61.755082
0.592900 98.706415 12.607942
0.679700 98.351899 7.988183
0.781200 111.137780 11.217991
0.875400 120.500426 16.815304
0.880000 126.798880 39.745700
0.900000 115.329916 22.390777
1.037000 176.546993 20.547345
1.300000 109.948573 17.287134
1.363000 158.166607 33.502834
1.430000 170.401009 18.242891
1.530000 200.228727 14.082464
1.750000 205.008865 39.905998
1.965000 196.567454 48.897378
