0.070000 73.831929 19.122441
0.090000 68.629971 11.677355
0.120000 70.344651 24.831560
0.170000 78.476068 8.284638
0.179100 73.667089 3.981830
0.199300 71.950941 4.961036
0.200000 74.626957 30.618875
0.270000 80.177235 13.701461
0.280000 86.777157 37.360782
0.351900 83.272631 14.015896
0.380200 87.406039 13.521659
0.400000 78.802733 17.645902
0.400400 81.434466 10.354423
0.424700 87.842428 11.032779
0.449700 93.335446 12.881967
0.470000 89.584865 32.985542
0.478300 83.004206 9.032601
0.480000 81.285169 58.771129
0.592900 91.044565 12.642919
0.679700 93.313953 7.903803
0.781200 106.887735 11.999239
0.875400 108.278143 17.345489
0.880000 117.101499 39.906455
0.900000 114.989445 23.486959
1.037000 131.712524 19.946113
1.300000 132.506920 17.138240
1.363000 156.454360 35.081936
1.430000 165.312630 17.782638
1.530000 144.027781 13.401086
1.750000 139.327320 39.686661
1.965000 185.611781 49.585438
