0.070000 76.381011 19.530346
0.090000 74.863711 12.197204
0.120000 74.750526 27.186786
0.170000 63.302253 7.843159
0.179100 77.778958 3.954960
0.199300 79.297211 4.947953
0.200000 77.317606 28.628009
0.270000 83.259067 13.989776
0.280000 81.075709 36.696785
0.351900 83.199206 13.563816
0.380200 78.882025 13.136219
0.400000 93.564677 17.559462
0.400400 89.028273 9.903264
0.424700 87.184564 11.396971
0.449700 90.564084 13.049523
0.470000 91.369085 34.627226
0.478300 95.082160 9.192678
0.480000 86.361188 61.213745
0.592900 89.146308 12.664002
0.679700 105.514958 8.566667
0.781200 107.864037 11.757955
0.875400 141.719491 17.678936
0.880000 118.047638 39.689814
0.900000 115.378767 22.706705
1.037000 110.727013 20.001161
1.300000 130.795998 17.627768
1.363000 148.577706 33.524907
1.430000 173.017740 17.810288
1.530000 163.242198 13.905970
1.750000 190.495057 42.523141
1.965000 194.342058 51.052927
