0.070000 72.383589 19.443682
0.090000 72.199030 12.012819
0.120000 72.275929 25.933352
0.170000 81.288884 7.608602
0.179100 75.507465 4.131833
0.199300 75.258990 5.065454
0.200000 70.786800 28.975557
0.270000 86.387183 14.241026
0.280000 84.083420 37.855217
0.351900 84.716988 14.343302
0.380200 86.125764 13.113338
0.400000 89.580050 17.213457
0.400400 78.837051 10.158483
0.424700 87.427977 11.883059
0.449700 90.321177 12.788056
0.470000 90.437169 33.110599
0.478300 89.386281 9.178613
0.480000 86.141764 58.542998
0.592900 97.635779 12.621693
0.679700 80.459278 8.216583
0.781200 116.802160 12.150181
0.875400 103.525432 17.094712
0.880000 108.579252 39.286570
0.900000 116.824092 23.017011
1.037000 176.220684 20.372563
1.300000 172.276176 17.237727
1.363000 153.480060 34.128768
1.430000 130.641426 17.503330
1.530000 150.106771 14.213124
1.750000 188.804177 39.473667
1.965000 224.801243 51.618878
