0.070000 67.777957 19.483037
0.090000 74.325264 11.798252
0.120000 78.459817 27.703004
0.170000 69.081208 7.865506
0.179100 76.368494 4.093842
0.199300 75.511969 5.029571
0.200000 77.066795 29.925773
0.270000 79.542619 14.072005
0.280000 68.371394 38.447250
0.351900 84.025445 14.005732
0.380200 84.279990 13.800840
0.400000 93.548554 16.473312
0.400400 83.646286 10.235702
0.424700 87.130524 11.335707
0.449700 89.718033 12.965010
0.470000 88.752371 32.196300
0.478300 78.178403 8.848003
0.480000 99.767249 56.768878
0.592900 100.420997 12.855346
0.679700 105.988766 8.367751
0.781200 103.150518 12.033475
0.875400 113.758988 16.993602
0.880000 120.138018 42.099817
0.900000 116.805053 23.452704
1.037000 148.442412 19.470038
1.300000 153.427600 17.155614
1.363000 150.014936 34.456150
1.430000 98.601295 18.356843
1.530000 203.650385 13.879691
1.750000 194.444082 40.008678
1.965000 223.748509 49.500164
