0.070000 69.738277 20.087489
0.090000 65.016915 11.776022
0.120000 80.518353 27.388312
0.170000 64.815651 8.036895
0.179100 74.037680 3.933177
0.199300 73.932140 5.091048
0.200000 72.211864 30.563759
0.270000 74.935506 14.113763
0.280000 87.203248 35.767806
0.351900 84.420200 13.925217
0.380200 86.848411 13.452145
0.400000 87.578990 16.845443
0.400400 77.198359 10.579973
0.424700 87.238124 10.988514
0.449700 89.528949 13.191624
0.470000 91.341791 34.382964
0.478300 95.452383 8.617823
0.480000 90.909383 59.673289
0.592900 87.934118 12.729870
0.679700 100.122106 8.224891
0.781200 104.064066 11.937026
0.875400 108.599909 17.396822
0.880000 86.406062 39.489876
0.900000 114.994034 23.950778
1.037000 112.850599 19.621759
1.300000 133.535928 17.870025
1.363000 137.025140 32.644708
1.430000 142.485314 17.960579
1.530000 161.576378 14.118600
1.750000 226.473682 39.236455
1.965000 208.650921 49.105949
