0.070000 67.775403 19.617030
0.090000 78.308713 12.019638
0.120000 68.172012 26.894587
0.170000 83.103590 8.356267
0.179100 76.428102 4.004765
0.199300 75.969168 4.771098
0.200000 82.776244 29.894254
0.270000 80.344709 13.833273
0.280000 77.291020 36.318020
0.351900 85.377212 14.016048
0.380200 81.613628 13.648591
0.400000 64.938762 16.469868
0.400400 97.405129 10.083190
0.424700 86.767729 11.463385
0.449700 92.297893 13.358259
0.470000 90.409851 33.606010
0.478300 79.407973 8.957864
0.480000 93.792017 61.649133
0.592900 93.519743 13.071649
0.679700 91.216228 7.648294
0.781200 104.789005 12.414086
0.875400 94.948423 16.831418
0.880000 124.156416 40.532477
0.900000 113.753707 22.338774
1.037000 123.740137 19.449485
1.300000 142.025496 16.855069
1.363000 144.367945 33.796458
1.430000 126.043690 18.222304
1.530000 228.183657 13.481021
1.750000 182.900600 40.200669
1.965000 241.265858 48.940830
