0.070000 75.583954 19.952228
0.090000 75.086758 11.993913
0.120000 64.857218 26.856121
0.170000 64.658894 8.230959
0.179100 74.804582 3.959735
0.199300 76.928173 5.029130
0.200000 79.039363 29.792795
0.270000 83.842151 14.029061
0.280000 78.642459 37.501390
0.351900 83.079160 13.606781
0.380200 84.712726 13.026543
0.400000 91.462715 17.216258
0.400400 88.783055 10.409668
0.424700 88.444970 11.301667
0.449700 86.624929 13.404150
0.470000 87.812389 33.166677
0.478300 91.792710 8.876958
0.480000 81.042163 59.806129
0.592900 89.072228 12.528917
0.679700 88.678856 8.014744
0.781200 111.108389 11.663420
0.875400 104.171530 16.964637
0.880000 165.566950 40.283962
0.900000 115.959860 22.949920
1.037000 109.754655 20.426670
1.300000 142.349979 17.110278
1.363000 151.437330 33.388579
1.430000 142.786452 18.137399
1.530000 156.052552 14.567727
1.750000 193.194449 40.826405
1.965000 185.505413 50.151243
