0.070000 72.305022 20.026347
0.090000 73.180228 12.309424
0.120000 67.413640 26.202057
0.170000 76.721848 7.831098
0.179100 76.421003 3.892923
0.199300 73.845424 5.087543
0.200000 77.276731 29.884727
0.270000 83.041081 13.815866
0.280000 65.494575 37.354061
0.351900 83.371071 14.392332
0.380200 87.514066 12.978994
0.400000 91.043871 16.490371
0.400400 89.550084 10.006832
0.424700 86.782145 11.241426
0.449700 87.500470 12.781133
0.470000 89.923401 32.730724
0.478300 97.126380 9.133947
0.480000 85.555700 61.840949
0.592900 89.672936 12.687670
0.679700 102.182304 7.976804
0.781200 104.207616 11.759385
0.875400 98.204304 16.524435
0.880000 95.782126 38.312167
0.900000 115.096820 22.302435
1.037000 111.393271 19.940156
1.300000 147.154101 17.808479
1.363000 145.529035 32.686525
1.430000 186.922403 17.745935
1.530000 171.848474 13.307630
1.750000 173.136190 38.296407
1.965000 215.339133 50.288075
