0.070000 72.280265 19.345259
0.090000 74.303770 11.823751
0.120000 66.874600 25.556353
0.170000 73.629092 7.942701
0.179100 78.623888 4.067644
0.199300 77.143599 4.776134
0.200000 81.428902 29.826192
0.270000 77.811722 14.681529
0.280000 69.001717 37.316008
0.351900 83.172346 14.303486
0.380200 84.420759 12.920272
0.400000 74.696896 16.926910
0.400400 98.183882 10.392040
0.424700 88.350632 10.867037
0.449700 86.542468 13.278948
0.470000 88.857264 34.053129
0.478300 90.550569 8.947921
0.480000 81.800870 59.255837
0.592900 92.533951 12.913835
0.679700 107.240903 8.170711
0.781200 107.863452 11.704904
0.875400 107.676203 18.069479
0.880000 115.119161 39.978020
0.900000 117.112006 23.404606
1.037000 139.270874 20.738119
1.300000 130.632225 16.600599
1.363000 146.974977 33.736997
1.430000 162.218196 18.097579
1.530000 191.609036 13.973291
1.750000 187.156738 40.083100
1.965000 208.257871 50.436885
