0.070000 68.599714 19.801994
0.090000 74.870636 12.534654
0.120000 84.640336 26.506720
0.170000 84.602456 7.634044
0.179100 74.005877 4.036001
0.199300 81.362139 4.931809
0.200000 80.003680 29.957649
0.270000 79.281667 13.593300
0.280000 75.710782 36.672468
0.351900 84.219449 14.357928
0.380200 87.326827 13.454001
0.400000 72.623848 16.651019
0.400400 76.137824 10.180232
0.424700 87.785739 11.270395
0.449700 90.494937 12.851220
0.470000 91.691002 34.271464
0.478300 84.369051 8.980893
0.480000 94.854961 57.768262
0.592900 101.935273 13.011299
0.679700 112.968361 7.970830
0.781200 107.755785 12.382633
0.875400 135.245655 16.840685
0.880000 91.123547 39.807492
0.900000 117.221496 22.828535
1.037000 113.679117 19.630763
1.300000 135.877529 17.093062
1.363000 153.786663 34.677456
1.430000 158.428778 17.982028
1.530000 191.999788 13.650756
1.750000 209.306358 38.860133
1.965000 213.404028 51.844480
