0.070000 72.209077 19.110235
0.090000 78.376883 12.063537
0.120000 75.144952 25.674543
0.170000 85.137586 7.991918
0.179100 75.326957 4.020557
0.199300 76.043224 5.010026
0.200000 81.467512 29.906812
0.270000 78.563647 13.661885
0.280000 80.745243 36.830515
0.351900 83.840464 13.891802
0.380200 89.275654 13.504448
0.400000 85.348604 17.083466
0.400400 87.417384 9.952965
0.424700 88.541043 10.935451
0.449700 86.944895 12.646510
0.470000 91.235638 33.359737
0.478300 97.025487 9.147777
0.480000 87.181355 58.791931
0.592900 89.965026 12.910080
0.679700 98.550790 8.224412
0.781200 107.554954 12.165175
0.875400 111.692298 16.738413
0.880000 113.241873 38.947418
0.900000 116.716759 23.544476
1.037000 93.066247 19.676535
1.300000 153.735234 17.132917
1.363000 160.794627 31.500312
1.430000 143.894893 18.081154
1.530000 119.202222 14.513430
1.750000 213.112979 38.857342
1.965000 198.639783 49.356247
