0.070000 67.550748 19.235450
0.090000 76.110998 12.374855
0.120000 70.275569 25.099055
0.170000 72.909916 8.140293
0.179100 75.221365 3.957298
0.199300 79.941333 5.134830
0.200000 78.757696 30.820821
0.270000 76.295386 13.679421
0.280000 69.850301 36.338458
0.351900 83.432220 13.911737
0.380200 84.083459 13.130837
0.400000 82.941291 17.005330
0.400400 81.218610 9.779129
0.424700 86.906799 11.451201
0.449700 84.350024 13.404629
0.470000 92.593009 34.037815
0.478300 80.212125 9.100061
0.480000 92.295321 62.203747
0.592900 85.259903 13.210144
0.679700 104.972564 8.300021
0.781200 106.798486 12.117093
0.875400 135.051653 17.153118
0.880000 136.146817 37.915480
0.900000 117.156598 22.708555
1.037000 129.815519 21.005247
1.300000 164.764094 16.679346
1.363000 147.887910 34.212791
1.430000 176.324200 17.192458
1.530000 138.198265 14.095912
1.750000 187.151505 39.664983
1.965000 194.580800 51.580501
