0.070000 63.863108 19.850467
0.090000 77.083000 11.479195
0.120000 69.174498 26.695718
0.170000 79.799529 8.051655
0.179100 74.900283 3.907943
0.199300 79.495280 4.894152
0.200000 78.536151 30.006211
0.270000 70.618996 13.568896
0.280000 75.908354 36.971489
0.351900 83.402523 13.973048
0.380200 84.926997 13.681106
0.400000 93.745976 16.314784
0.400400 102.250170 10.333152
0.424700 88.092005 10.828508
0.449700 88.342369 12.660044
0.470000 91.765843 34.902708
0.478300 81.591022 8.965592
0.480000 97.189278 60.838432
0.592900 98.889000 13.186921
0.679700 123.037891 7.906317
0.781200 113.197897 12.044333
0.875400 106.846004 17.063312
0.880000 100.483387 41.311473
0.900000 116.928772 22.896154
1.037000 136.361898 20.438025
1.300000 129.348453 17.369714
1.363000 154.500389 33.205662
1.430000 157.412939 17.698833
1.530000 125.685732 14.839364
1.750000 205.980154 38.783900
1.965000 201.603676 51.669999
