0.070000 75.893961 19.481068
0.090000 72.252244 11.831697
0.120000 75.484694 26.297869
0.170000 70.447467 7.892119
0.179100 74.977767 3.910030
0.199300 76.407359 4.879693
0.200000 82.070832 28.873664
0.270000 79.745496 13.436315
0.280000 78.343968 37.650381
0.351900 85.158202 14.343707
0.380200 84.142241 13.053721
0.400000 88.996638 16.591002
0.400400 106.014709 10.052099
0.424700 87.503396 11.632736
0.449700 92.875042 12.317271
0.470000 90.034399 34.280070
0.478300 98.347423 8.861342
0.480000 86.571664 58.775112
0.592900 105.869648 12.968961
0.679700 104.073068 7.883312
0.781200 110.154975 11.832604
0.875400 111.992356 16.562547
0.880000 79.591151 38.578734
0.900000 117.613856 22.322671
1.037000 139.228319 20.060596
1.300000 101.245595 17.264036
1.363000 147.625467 33.597869
1.430000 180.853832 18.603303
1.530000 131.908970 14.090084
1.750000 177.034539 38.701600
1.965000 178.842325 53.707318
