0.070000 67.144220 19.955152
0.090000 72.544369 11.958090
0.120000 73.577831 26.586048
0.170000 84.554753 8.003480
0.179100 77.586459 3.897629
0.199300 74.916321 4.787322
0.200000 70.765130 28.817791
0.270000 79.805705 13.628144
0.280000 84.200298 36.316198
0.351900 85.989818 13.530712
0.380200 83.658122 13.302037
0.400000 73.006497 16.671869
0.400400 67.970928 10.090122
0.424700 87.415636 11.428979
0.449700 97.024455 12.935947
0.470000 92.642998 35.147713
0.478300 92.012381 8.707797
0.480000 75.925873 60.033032
0.592900 92.041105 13.025119
0.679700 99.321600 7.486009
0.781200 107.595059 11.832697
0.875400 139.101218 17.018185
0.880000 81.097313 40.504953
0.900000 116.785226 23.814023
1.037000 172.871701 20.325497
1.300000 141.716812 16.545164
1.363000 153.279677 33.489925
1.430000 143.714209 18.593754
1.530000 153.300658 14.207108
1.750000 165.372526 39.840699
1.965000 201.159630 48.527698
