0.070000 71.813880 20.172008
0.090000 74.262259 12.441846
0.120000 73.991422 25.911948
0.170000 77.837997 8.130792
0.179100 75.717501 3.970949
0.199300 76.541269 5.080716
0.200000 75.801939 29.344252
0.270000 78.465398 13.886482
0.280000 61.666319 35.426143
0.351900 87.668213 14.133034
0.380200 86.168821 13.833522
0.400000 86.718507 16.717328
0.400400 93.286213 10.085418
0.424700 88.628521 10.948104
0.449700 91.878014 12.885698
0.470000 90.804675 34.255198
0.478300 99.061522 9.370401
0.480000 95.434850 61.783207
0.592900 104.528016 12.547053
0.679700 102.354953 8.071331
0.781200 111.304026 11.817603
0.875400 114.315723 16.900052
0.880000 87.889918 38.808727
0.900000 117.269305 23.030459
1.037000 150.760526 20.318044
1.300000 131.518944 17.392071
1.363000 145.378841 33.469652
1.430000 141.716542 18.769392
1.530000 100.690385 13.174327
1.750000 177.270740 39.345854
1.965000 189.148954 50.592156
