0.070000 72.172285 19.327828
0.090000 68.562265 11.856645
0.120000 72.876736 25.663103
0.170000 80.880841 7.902960
0.179100 77.352499 3.933727
0.199300 76.774129 4.798169
0.200000 67.498122 30.712617
0.270000 79.972097 13.920989
0.280000 89.096365 36.373066
0.351900 83.143455 14.272820
0.380200 84.121900 12.977763
0.400000 77.809263 17.072632
0.400400 90.671105 9.921381
0.424700 88.680914 11.199687
0.449700 89.967196 12.348555
0.470000 92.609476 33.534641
0.478300 83.302456 9.307776
0.480000 88.371148 60.718383
0.592900 93.412777 12.610461
0.679700 100.167584 8.230134
0.781200 110.724420 12.429724
0.875400 98.603661 16.631973
0.880000 79.031229 40.123145
0.900000 116.769105 23.941668
1.037000 119.327927 19.933299
1.300000 142.664046 16.759195
1.363000 158.280338 33.691643
1.430000 163.128770 18.975469
1.530000 154.132573 13.697116
1.750000 214.428257 39.509449
1.965000 212.244502 49.449860
