0.070000 75.505829 19.597173
0.090000 71.581494 12.035823
0.120000 71.843752 25.824606
0.170000 73.822872 8.183228
0.179100 80.606643 3.904453
0.199300 77.284909 4.920327
0.200000 82.343281 30.726465
0.270000 83.492629 14.053268
0.280000 63.744974 36.419536
0.351900 85.207859 14.614071
0.380200 84.256457 13.175627
0.400000 81.616614 17.277058
0.400400 86.008581 10.198519
0.424700 87.022279 10.401491
0.449700 90.412305 13.015788
0.470000 93.904354 34.046537
0.478300 83.150848 9.018702
0.480000 93.792101 61.562198
0.592900 107.173513 12.613365
0.679700 90.975390 8.170037
0.781200 112.979522 12.071809
0.875400 114.783139 17.136398
0.880000 111.045661 40.771216
0.900000 117.067772 23.269401
1.037000 93.903404 20.627195
1.300000 159.241056 17.168354
1.363000 144.381763 33.443595
1.430000 172.228118 17.759857
1.530000 162.349788 13.915428
1.750000 180.598969 40.138058
1.965000 176.065194 50.268229
