0.070000 73.820336 19.676359
0.090000 76.731175 12.157116
0.120000 72.474387 27.104784
0.170000 72.068536 8.299686
0.179100 76.217015 3.881643
0.199300 80.668426 4.787082
0.200000 73.370746 29.818910
0.270000 78.803933 13.369086
0.280000 79.790508 35.582340
0.351900 86.790680 14.201748
0.380200 88.990136 13.323512
0.400000 93.389356 17.122464
0.400400 90.424500 9.955301
0.424700 87.558784 11.461061
0.449700 90.304061 13.116417
0.470000 88.864425 33.633944
0.478300 74.972040 8.794209
0.480000 91.609942 58.564625
0.592900 95.023617 13.512023
0.679700 83.254673 7.953632
0.781200 108.528135 11.250258
0.875400 128.537745 16.956750
0.880000 128.658721 40.771285
0.900000 115.685986 24.060838
1.037000 139.919717 19.896012
1.300000 160.270133 16.429682
1.363000 158.991209 32.838194
1.430000 159.995536 17.809394
1.530000 130.840643 13.854672
1.750000 189.141117 40.054301
1.965000 202.932496 49.145052
