0.070000 69.168632 19.296739
0.090000 69.132861 11.855479
0.120000 70.928703 26.886231
0.170000 86.840719 7.950134
0.179100 79.480275 4.065052
0.199300 79.256608 5.041866
0.200000 91.238134 29.946205
0.270000 83.971646 13.727414
0.280000 83.545158 35.418466
0.351900 82.567333 14.419320
0.380200 83.096726 13.010029
0.400000 91.962339 17.014904
0.400400 94.934186 10.106025
0.424700 87.938238 11.402940
0.449700 90.790956 12.897850
0.470000 90.636125 34.385185
0.478300 91.375881 9.188611
0.480000 90.132573 58.408247
0.592900 97.320224 12.742900
0.679700 101.607655 8.419587
0.781200 104.282643 12.267311
0.875400 105.323540 17.178897
0.880000 73.215990 40.401710
0.900000 115.388229 23.174095
1.037000 120.336821 19.754071
1.300000 143.125585 16.750575
1.363000 160.033897 33.492575
1.430000 128.705394 17.972103
1.530000 191.971150 13.579098
1.750000 175.086942 40.492053
1.965000 185.344528 50.212801
