0.070000 67.564162 19.492946
0.090000 72.507243 11.875290
0.120000 81.723304 25.590959
0.170000 82.507286 7.847670
0.179100 75.561875 4.015687
0.199300 83.531186 4.772123
0.200000 85.330500 29.798028
0.270000 77.498103 13.605529
0.280000 92.049321 36.074748
0.351900 83.885884 13.524679
0.380200 87.025408 13.370502
0.400000 84.687648 16.497635
0.400400 89.830157 10.512758
0.424700 86.797143 11.455093
0.449700 95.462655 12.479608
0.470000 89.394845 33.285129
0.478300 93.145221 9.088199
0.480000 94.051075 60.469090
0.592900 106.044361 13.673288
0.679700 115.502020 8.133080
0.781200 107.832462 12.144252
0.875400 116.251771 17.348520
0.880000 116.636924 42.087891
0.900000 112.843790 22.875767
1.037000 136.991381 19.941130
1.300000 148.904640 16.699966
1.363000 149.360248 34.339726
1.430000 161.947291 18.064005
1.530000 153.413513 14.175258
1.750000 208.695328 41.435543
1.965000 224.684016 51.869759
