0.070000 72.891201 19.366471
0.090000 69.598296 11.848002
0.120000 77.527687 26.427838
0.170000 67.052811 8.418302
0.179100 76.178926 4.189387
0.199300 74.939158 5.092434
0.200000 78.388737 29.632444
0.270000 77.304414 13.702192
0.280000 78.612554 36.452004
0.351900 86.320591 14.101735
0.380200 86.303999 13.810635
0.400000 89.338091 17.088076
0.400400 96.236817 10.129256
0.424700 87.088782 11.117600
0.449700 89.503049 13.030014
0.470000 90.521901 34.439473
0.478300 90.262837 8.955872
0.480000 92.588232 61.523465
0.592900 89.937592 12.768661
0.679700 106.856918 7.829773
0.781200 107.258253 12.043044
0.875400 114.173041 16.673835
0.880000 128.241177 41.669669
0.900000 115.635737 22.115881
1.037000 149.049124 20.386502
1.300000 153.949431 16.767675
1.363000 155.427542 33.874386
1.430000 137.899705 17.742523
1.530000 172.857205 14.032477
1.750000 167.583067 40.995714
1.965000 225.888904 50.457291
