0.070000 78.232281 19.786424
0.090000 68.748644 11.658137
0.120000 77.964384 26.724533
0.170000 68.570458 8.015723
0.179100 78.432411 3.891406
0.199300 75.977244 4.851262
0.200000 78.825741 30.100915
0.270000 80.041911 13.848191
0.280000 82.885510 35.911064
0.351900 83.386726 13.968171
0.380200 87.508824 13.877581
0.400000 79.003462 17.364322
0.400400 73.662187 9.970551
0.424700 87.503254 10.818491
0.449700 85.713226 12.520937
0.470000 89.701945 33.494778
0.478300 98.824878 8.887489
0.480000 79.665688 57.283920
0.592900 98.382397 13.043328
0.679700 112.499142 8.136450
0.781200 108.481353 12.192191
0.875400 105.995394 16.509351
0.880000 107.546228 40.449974
0.900000 114.221673 21.681466
1.037000 156.657069 20.692977
1.300000 92.946392 16.955422
1.363000 147.187412 33.323597
1.430000 169.502816 17.701296
1.530000 158.464672 13.931218
1.750000 190.087325 39.466697
1.965000 208.156254 51.973189
