0.070000 73.367797 20.252057
0.090000 69.545984 11.902248
0.120000 73.478713 26.223294
0.170000 79.010959 7.821981
0.179100 77.729128 4.009503
0.199300 78.320495 4.987908
0.200000 79.217598 29.305478
0.270000 76.529531 14.285487
0.280000 71.351078 37.448357
0.351900 86.326766 13.855173
0.380200 88.892948 13.251788
0.400000 97.191459 17.201866
0.400400 98.429583 9.844598
0.424700 87.162840 11.326967
0.449700 85.394859 13.129694
0.470000 89.249994 33.659255
0.478300 95.445405 9.033569
0.480000 88.095716 61.303907
0.592900 93.499869 12.914922
0.679700 111.265358 7.937542
0.781200 105.132834 12.514559
0.875400 132.168027 17.719538
0.880000 151.308102 40.184561
0.900000 117.021061 23.175933
1.037000 138.087691 19.596994
1.300000 128.598977 16.991173
1.363000 162.879254 32.879887
1.430000 132.570422 18.085270
1.530000 146.115351 13.710676
1.750000 198.176983 40.725255
1.965000 224.401153 49.943213
