0.070000 70.961139 20.262922
0.090000 72.244452 11.776452
0.120000 70.107099 26.333097
0.170000 76.936792 7.799804
0.179100 78.506724 3.830170
0.199300 72.601586 4.867668
0.200000 87.516892 29.034909
0.270000 77.325692 13.446210
0.280000 81.926917 35.362685
0.351900 87.044774 14.262596
0.380200 85.448855 13.612059
0.400000 82.743721 17.083222
0.400400 82.715933 10.531767
0.424700 86.993038 11.499395
0.449700 88.055106 12.445475
0.470000 91.520823 33.121878
0.478300 104.412315 8.645067
0.480000 83.464534 61.828487
0.592900 91.512497 13.136436
0.679700 98.563679 7.943495
0.781200 105.506564 12.075693
0.875400 87.625059 16.366008
0.880000 96.110425 39.350258
0.900000 118.115889 22.764456
1.037000 168.820825 20.628913
1.300000 152.448186 17.280105
1.363000 155.458895 33.538969
1.430000 132.485035 18.408963
1.530000 144.149868 14.130649
1.750000 161.982867 40.880546
1.965000 201.240933 49.720195
