0.070000 76.110691 19.508935
0.090000 73.620946 12.267825
0.120000 56.621931 26.039039
0.170000 78.567014 8.062112
0.179100 74.000882 3.925143
0.199300 76.978894 5.070600
0.200000 76.273463 29.423040
0.270000 77.543952 14.062020
0.280000 90.472240 37.187731
0.351900 84.214241 13.745561
0.380200 83.097005 13.401382
0.400000 104.367590 16.742632
0.400400 93.678356 10.036494
0.424700 88.214577 11.582826
0.449700 89.301756 12.605898
0.470000 89.350114 33.400730
0.478300 93.842990 9.052754
0.480000 91.600420 59.837693
0.592900 88.973147 12.783413
0.679700 100.244961 7.622814
0.781200 106.482743 12.168573
0.875400 109.508908 16.921793
0.880000 162.564875 40.048604
0.900000 113.855877 22.860557
1.037000 118.916970 19.910484
1.300000 130.994206 17.318905
1.363000 134.848184 32.703658
1.430000 152.882248 18.133739
1.530000 113.872670 13.885615
1.750000 196.995770 39.109763
1.965000 217.039586 50.232005
