0.070000 70.965067 19.726368
0.090000 76.921731 12.044473
0.120000 71.272624 26.783221
0.170000 74.759950 8.175577
0.179100 78.264933 3.953662
0.199300 77.553727 4.961103
0.200000 78.149527 30.314363
0.270000 81.533050 13.649970
0.280000 87.591718 36.624630
0.351900 85.485701 14.166104
0.380200 87.990863 13.673519
0.400000 90.817376 16.932354
0.400400 76.157752 10.258720
0.424700 87.373189 11.231456
0.449700 89.406035 12.716511
0.470000 88.973495 34.273574
0.478300 90.788990 8.948572
0.480000 84.711213 59.843458
0.592900 99.154775 13.026064
0.679700 104.178683 7.804425
0.781200 110.303066 11.939909
0.875400 114.921073 17.222959
0.880000 120.305745 40.320851
0.900000 116.531172 22.598416
1.037000 137.030220 19.889266
1.300000 168.908830 16.741629
1.363000 154.023352 32.337951
1.430000 155.989631 17.456334
1.530000 169.396354 14.557758
1.750000 184.324214 40.994926
1.965000 187.394721 49.051410
