0.070000 69.959601 20.180740
0.090000 72.457056 11.837767
0.120000 77.100235 27.109172
0.170000 63.904414 7.937749
0.179100 75.760252 4.133353
0.199300 75.473687 5.008108
0.200000 78.598537 29.412502
0.270000 79.243047 13.729428
0.280000 75.303028 36.939247
0.351900 83.946649 13.837358
0.380200 78.608924 13.597099
0.400000 72.403642 17.041391
0.400400 87.792714 9.760142
0.424700 87.149015 11.236088
0.449700 97.150418 13.399390
0.470000 92.502223 33.272843
0.478300 97.270689 8.959634
0.480000 86.451843 58.122970
0.592900 104.831683 12.730246
0.679700 106.274421 8.255198
0.781200 110.038182 12.035984
0.875400 106.473854 16.885626
0.880000 80.050057 40.462295
0.900000 115.483846 22.529341
1.037000 120.898151 20.579894
1.300000 155.677989 16.680624
1.363000 151.707002 33.239765
1.430000 151.021343 17.907183
1.530000 167.010588 15.116811
1.750000 176.142042 41.888137
1.965000 207.145759 49.440856
