0.070000 67.262734 18.991214
0.090000 76.723179 12.513252
0.120000 69.886195 26.746033
0.170000 72.435929 8.115244
0.179100 77.940007 4.081744
0.199300 73.916048 4.932174
0.200000 75.673778 30.689022
0.270000 76.873158 13.522053
0.280000 77.798431 36.362370
0.351900 83.315455 13.885248
0.380200 84.972662 13.704078
0.400000 80.342939 17.670496
0.400400 75.558208 10.354452
0.424700 87.269516 10.943001
0.449700 88.040217 12.251738
0.470000 89.178279 33.824006
0.478300 86.227725 9.016835
0.480000 92.592005 59.445758
0.592900 92.525039 13.291502
0.679700 114.528605 7.778105
0.781200 106.154284 11.349745
0.875400 124.828766 17.183551
0.880000 115.580058 39.626966
0.900000 117.392587 22.901320
1.037000 132.109784 19.917368
1.300000 165.119388 16.572981
1.363000 184.393918 33.110733
1.430000 166.990600 18.779984
1.530000 146.446538 14.436814
1.750000 168.354690 39.609843
1.965000 212.156133 49.882316
