0.070000 72.604220 19.225566
0.090000 69.152957 12.224201
0.120000 77.533853 26.637332
0.170000 94.918729 8.063305
0.179100 72.920728 3.956233
0.199300 73.913920 4.911012
0.200000 78.074163 30.318834
0.270000 76.913643 14.092976
0.280000 90.605798 36.864910
0.351900 83.464095 13.925155
0.380200 89.416812 13.400274
0.400000 88.604980 15.868497
0.400400 90.749640 10.525084
0.424700 87.439691 11.178325
0.449700 87.463157 12.830417
0.470000 88.912578 33.229043
0.478300 73.906655 9.106717
0.480000 92.311324 58.273774
0.592900 93.505133 13.165728
0.679700 80.870080 7.836220
0.781200 111.684970 11.671687
0.875400 121.539435 16.550973
0.880000 80.416244 40.388237
0.900000 115.593322 22.924641
1.037000 153.031051 19.846330
1.300000 126.515713 16.894352
1.363000 146.826711 32.614750
1.430000 142.173141 17.972935
1.530000 157.296832 13.925976
1.750000 176.536552 38.967635
1.965000 194.458470 48.085594
