0.070000 71.346773 19.189055
0.090000 69.710489 11.372705
0.120000 76.160998 25.925051
0.170000 70.139606 7.875476
0.179100 79.170979 3.963159
0.199300 77.907578 5.115911
0.200000 75.991804 29.562056
0.270000 81.834612 14.237040
0.280000 82.874162 36.336861
0.351900 84.550178 14.611380
0.380200 87.692654 13.241085
0.400000 78.376195 17.365963
0.400400 79.440998 10.399191
0.424700 87.630727 11.205668
0.449700 88.334949 12.895813
0.470000 91.125131 33.355889
0.478300 96.940892 8.968717
0.480000 95.557234 56.960544
0.592900 104.338369 12.445219
0.679700 102.715148 8.051841
0.781200 110.431618 11.954305
0.875400 111.171064 17.169435
0.880000 120.075951 39.425910
0.900000 116.675216 22.823411
1.037000 173.690040 20.329331
1.300000 148.457181 17.438440
1.363000 150.472059 33.798304
1.430000 172.791224 17.458122
1.530000 173.266397 13.847564
1.750000 215.331010 41.477248
1.965000 215.933147 50.535419
