0.070000 74.526569 19.198682
0.090000 74.108935 11.749843
0.120000 79.793995 25.469705
0.170000 85.573294 8.308487
0.179100 74.695607 3.970304
0.199300 77.975755 4.943707
0.200000 81.260868 28.111895
0.270000 77.995169 14.141008
0.280000 63.749725 38.311612
0.351900 87.942173 14.286220
0.380200 83.032802 13.615172
0.400000 87.637096 16.480252
0.400400 74.712481 10.113938
0.424700 86.843538 11.685833
0.449700 88.538538 12.882971
0.470000 91.412602 35.115311
0.478300 86.647544 8.980841
0.480000 92.467393 59.285155
0.592900 86.628986 12.790034
0.679700 100.231234 7.832262
0.781200 109.740098 11.630029
0.875400 98.161797 16.178908
0.880000 90.921779 39.269613
0.900000 115.897213 23.268388
1.037000 118.980248 19.646785
1.300000 148.477831 16.309462
1.363000 146.556697 33.078045
1.430000 183.595765 18.088398
1.530000 170.914206 14.400602
1.750000 191.756305 41.029033
1.965000 226.842851 51.616883
