0.070000 73.166507 18.927477
0.090000 67.732777 12.509101
0.120000 80.934952 26.143212
0.170000 87.522907 8.014103
0.179100 75.009292 3.955825
0.199300 81.586753 4.989096
0.200000 79.544027 28.293544
0.270000 81.824456 13.909331
0.280000 84.148673 35.401237
0.351900 84.329391 14.314688
0.380200 86.362396 13.955427
0.400000 93.416009 16.817634
0.400400 86.351692 10.390788
0.424700 86.622120 11.264353
0.449700 89.915723 13.275045
0.470000 89.067468 33.929506
0.478300 81.454375 8.634220
0.480000 83.830560 59.497631
0.592900 104.937170 12.927163
0.679700 110.509688 7.763790
0.781200 110.379574 11.819170
0.875400 118.424834 16.048545
0.880000 155.404374 40.679605
0.900000 115.750916 23.162301
1.037000 82.366514 19.547512
1.300000 113.590222 16.964452
1.363000 135.408685 33.960801
1.430000 155.226969 16.964005
1.530000 183.635381 14.273193
1.750000 147.231999 38.930725
1.965000 211.029992 52.012616
