0.070000 75.342659 20.051055
0.090000 68.441222 11.798889
0.120000 68.375471 26.450873
0.170000 80.780875 8.230426
0.179100 75.018016 3.930718
0.199300 80.750559 4.943244
0.200000 76.432327 29.721396
0.270000 75.694542 14.057896
0.280000 86.285874 35.908015
0.351900 89.193631 14.007855
0.380200 82.220113 13.562856
0.400000 74.394568 16.906808
0.400400 78.305276 10.712507
0.424700 87.372714 10.887080
0.449700 89.284292 13.151403
0.470000 89.261547 34.233049
0.478300 75.628906 9.340424
0.480000 90.575788 59.755054
0.592900 100.888907 12.789619
0.679700 107.361078 7.821459
0.781200 106.555771 11.701911
0.875400 101.437410 17.083259
0.880000 139.194282 41.182901
0.900000 116.972500 22.821157
1.037000 83.987765 20.447286
1.300000 174.700854 17.367798
1.363000 146.984521 31.892282
1.430000 166.503791 17.855686
1.530000 209.798179 14.068402
1.750000 182.543414 39.347876
1.965000 212.457895 47.946384
