0.070000 71.924074 19.721796
0.090000 72.842872 11.983782
0.120000 69.839049 24.768276
0.170000 73.373920 8.055280
0.179100 78.339391 4.085280
0.199300 77.593074 4.988888
0.200000 86.933774 30.522152
0.270000 77.516902 14.084530
0.280000 72.273472 37.518013
0.351900 83.008007 14.437558
0.380200 87.781004 13.330537
0.400000 80.930949 16.455437
0.400400 74.236760 9.823488
0.424700 87.177945 10.988496
0.449700 86.655611 12.747403
0.470000 89.650023 34.740412
0.478300 90.989561 8.864829
0.480000 93.427632 58.371347
0.592900 92.377875 13.467067
0.679700 106.809833 8.141808
0.781200 102.928444 12.327364
0.875400 117.098541 16.904702
0.880000 132.920115 40.127627
0.900000 115.579736 22.760084
1.037000 92.611109 19.447869
1.300000 151.529712 17.387186
1.363000 153.395931 34.214677
1.430000 158.564609 17.307109
1.530000 125.977621 14.023643
1.750000 170.084499 40.171753
1.965000 200.469724 51.780094
