0.070000 75.135273 19.340735
0.090000 70.076185 12.071481
0.120000 80.477966 26.470582
0.170000 78.646837 8.151910
0.179100 77.668817 4.053213
0.199300 75.442050 5.136157
0.200000 75.890871 28.346159
0.270000 81.009863 13.620142
0.280000 84.440151 36.590585
0.351900 84.708046 14.193028
0.380200 89.267761 13.453211
0.400000 90.889002 17.868532
0.400400 96.027521 9.849255
0.424700 88.723033 11.329458
0.449700 91.632282 13.117698
0.470000 89.931901 34.797037
0.478300 96.303451 8.962666
0.480000 79.925058 59.816788
0.592900 96.265615 13.307457
0.679700 103.787004 8.256069
0.781200 106.797153 11.564221
0.875400 112.403495 17.340671
0.880000 162.758982 40.715699
0.900000 114.845196 24.052660
1.037000 119.046156 19.496699
1.300000 108.827601 17.254261
1.363000 156.034687 33.828791
1.430000 115.222086 18.574597
1.530000 152.530298 13.781070
1.750000 204.922762 39.926186
1.965000 201.546646 51.236440
