0.070000 73.218531 19.389198
0.090000 73.622884 11.985390
0.120000 77.570016 25.992129
0.170000 71.450956 7.762146
0.179100 75.224192 4.145108
0.199300 77.260082 4.997005
0.200000 80.526960 29.456637
0.270000 78.164682 14.231387
0.280000 96.089222 36.070384
0.351900 82.676613 13.995339
0.380200 89.329542 13.744108
0.400000 82.712194 16.455918
0.400400 90.225566 10.371390
0.424700 88.042406 11.159502
0.449700 88.104462 12.750027
0.470000 89.028933 34.486280
0.478300 92.470030 9.278377
0.480000 100.583074 58.271161
0.592900 81.208172 12.822776
0.679700 94.921156 8.045595
0.781200 108.226978 11.838284
0.875400 104.546903 17.189332
0.880000 133.655082 41.315567
0.900000 114.357261 22.801093
1.037000 111.317628 20.055183
1.300000 129.810399 16.918832
1.363000 153.521594 32.579527
1.430000 112.348089 18.149214
1.530000 154.597028 13.762844
1.750000 154.322617 39.078457
1.965000 199.178218 48.381711
