0.070000 73.382835 19.533381
0.090000 72.008792 11.981731
0.120000 64.686854 26.096285
0.170000 78.724562 8.106775
0.179100 75.745653 3.901564
0.199300 80.432793 5.000622
0.200000 76.506332 29.468739
0.270000 79.933194 14.114629
0.280000 78.928224 36.018231
0.351900 83.966755 13.842749
0.380200 84.632140 13.019606
0.400000 92.451151 17.097508
0.400400 80.319503 10.477958
0.424700 89.200608 11.445024
0.449700 103.314726 13.070572
0.470000 90.358880 34.053700
0.478300 94.881158 9.115288
0.480000 96.870924 61.380666
0.592900 98.989964 13.150239
0.679700 95.907312 8.205126
0.781200 104.344193 12.226042
0.875400 135.012416 16.974452
0.880000 106.548083 40.437914
0.900000 116.902538 22.893853
1.037000 184.682387 19.887848
1.300000 141.077163 16.800268
1.363000 156.331260 33.648859
1.430000 162.427165 19.108419
1.530000 164.363265 13.686002
1.750000 187.254172 41.056276
1.965000 205.529180 49.779150
