0.070000 70.632628 20.081437
0.090000 69.855867 11.616524
0.120000 74.362631 26.507267
0.170000 86.434615 7.982167
0.179100 72.602545 3.969582
0.199300 75.059239 4.881164
0.200000 78.665454 29.467370
0.270000 77.403695 14.103353
0.280000 78.653732 36.260706
0.351900 85.166818 13.705309
0.380200 84.832725 13.673508
0.400000 84.497527 17.003595
0.400400 96.423006 10.228792
0.424700 88.438872 11.180994
0.449700 85.573502 13.292887
0.470000 89.074585 32.853443
0.478300 95.440427 8.793886
0.480000 91.144532 60.594201
0.592900 92.783211 13.072161
0.679700 108.478481 7.590822
0.781200 110.756966 12.127243
0.875400 111.078465 17.407160
0.880000 148.960739 38.539364
0.900000 113.133701 22.954307
1.037000 130.985061 20.542329
1.300000 150.619176 17.211394
1.363000 142.908102 34.406328
1.430000 179.363621 18.225982
1.530000 126.610004 14.386370
1.750000 155.551411 39.345148
1.965000 205.883320 49.539577
