0.070000 75.004765 19.938017
0.090000 76.021896 11.762616
0.120000 78.769550 26.960182
0.170000 74.938939 7.609303
0.179100 77.388940 3.891153
0.199300 77.628039 5.165995
0.200000 70.385941 30.738304
0.270000 81.916718 14.706774
0.280000 76.453244 37.726023
0.351900 84.540441 14.654554
0.380200 85.229955 13.189889
0.400000 86.321971 16.737592
0.400400 94.540899 10.144929
0.424700 89.424249 11.135219
0.449700 91.087675 12.452674
0.470000 91.142985 32.823836
0.478300 87.222002 8.901986
0.480000 93.612773 59.141600
0.592900 108.906119 13.405419
0.679700 89.950612 7.831617
0.781200 103.505695 11.549850
0.875400 114.012219 17.107116
0.880000 99.637973 40.075503
0.900000 116.977532 22.208566
1.037000 151.736781 19.910085
1.300000 164.078600 16.859242
1.363000 152.771768 33.759746
1.430000 172.128452 18.891699
1.530000 179.066540 14.031364
1.750000 197.672320 40.136702
1.965000 186.968393 51.427535
