0.070000 72.018043 20.044828
0.090000 74.017943 12.356181
0.120000 72.439765 26.673463
0.170000 71.551995 8.161833
0.179100 77.281773 3.922983
0.199300 75.777255 4.828705
0.200000 76.555554 29.167183
0.270000 81.992452 13.395424
0.280000 84.823881 36.285025
0.351900 83.922540 14.120063
0.380200 84.754427 13.583917
0.400000 80.949122 16.938252
0.400400 99.661268 9.958960
0.424700 87.305082 10.965984
0.449700 78.505790 12.885507
0.470000 88.470072 32.105915
0.478300 91.178038 8.954158
0.480000 101.009449 61.427701
0.592900 101.877336 12.864805
0.679700 85.023161 8.274684
0.781200 107.254454 11.520040
0.875400 100.996586 17.001756
0.880000 110.113227 39.520868
0.900000 115.574195 23.107653
1.037000 146.748510 18.936707
1.300000 150.712771 16.660189
1.363000 156.192245 33.726958
1.430000 167.614395 18.032365
1.530000 134.124090 13.469306
1.750000 178.100401 40.368154
1.965000 195.560770 51.884129
