0.070000 62.895912 18.957007
0.090000 65.287562 12.082039
0.120000 72.713151 26.706837
0.170000 74.463060 8.003585
0.179100 75.368753 3.934873
0.199300 76.254448 5.021052
0.200000 76.198315 29.770343
0.270000 75.124098 14.400610
0.280000 75.071517 35.513803
0.351900 84.307453 13.951975
0.380200 88.987689 13.788833
0.400000 95.703457 17.538788
0.400400 98.015332 9.920296
0.424700 87.519886 11.075295
0.449700 85.615239 13.095846
0.470000 88.873798 31.380826
0.478300 77.307054 9.150044
0.480000 83.435333 58.689237
0.592900 103.744924 13.382258
0.679700 117.740295 8.072077
0.781200 105.409390 11.819998
0.875400 104.895920 16.393373
0.880000 115.123292 39.748031
0.900000 118.553957 23.137451
1.037000 114.452369 19.972589
1.300000 149.957873 16.478107
1.363000 150.657722 33.867431
1.430000 150.424460 19.022537
1.530000 171.894080 14.092464
1.750000 196.229801 40.555695
1.965000 177.120087 49.996692
