0.070000 73.657637 19.836392
0.090000 78.157033 12.131325
0.120000 89.678205 27.596458
0.170000 82.412798 8.161200
0.179100 73.335951 3.932223
0.199300 77.696164 5.110445
0.200000 71.575974 28.676044
0.270000 77.320613 13.292224
0.280000 90.433893 37.684283
0.351900 83.533699 13.797867
0.380200 85.186796 12.967234
0.400000 91.656898 16.601555
0.400400 66.948397 10.572108
0.424700 87.696116 10.846180
0.449700 92.599121 13.190145
0.470000 88.243520 35.398409
0.478300 74.056407 9.114141
0.480000 94.689586 60.574934
0.592900 105.464048 13.190644
0.679700 97.335419 8.043963
0.781200 109.848313 12.021535
0.875400 99.811124 17.609571
0.880000 94.065113 40.564277
0.900000 116.827817 22.134842
1.037000 65.157679 19.196332
1.300000 147.581262 16.575407
1.363000 162.241130 32.724925
1.430000 107.866826 16.924435
1.530000 157.321069 13.959993
1.750000 190.975643 39.964021
1.965000 200.658968 50.727918
