0.070000 71.932723 19.882388
0.090000 70.940045 11.899993
0.120000 71.000305 26.094320
0.170000 79.962686 7.612704
0.179100 77.170183 3.981301
0.199300 77.651889 5.030854
0.200000 72.208335 28.821756
0.270000 79.201015 14.288646
0.280000 79.136227 35.966579
0.351900 85.952130 13.975656
0.380200 89.254534 13.193856
0.400000 78.986395 16.686744
0.400400 93.667254 10.116154
0.424700 87.375944 11.069591
0.449700 82.555979 12.717430
0.470000 93.000890 35.295893
0.478300 88.406200 9.019582
0.480000 86.527166 57.992458
0.592900 104.201973 13.106243
0.679700 93.752169 8.141491
0.781200 106.067457 12.386054
0.875400 113.360656 16.883890
0.880000 92.007719 40.215056
0.900000 116.943830 23.321609
1.037000 79.642287 20.516736
1.300000 150.404211 16.964843
1.363000 151.404250 33.032420
1.430000 136.144745 17.871972
1.530000 181.848072 14.330077
1.750000 187.467178 38.603469
1.965000 183.905637 51.115147
