0.070000 75.829418 19.304160
0.090000 73.774371 12.041209
0.120000 71.621054 26.865281
0.170000 84.298510 7.942977
0.179100 77.798332 3.959618
0.199300 76.858610 4.937145
0.200000 80.749212 30.112977
0.270000 85.130232 14.108592
0.280000 64.828866 35.761964
0.351900 84.907936 14.186261
0.380200 81.664886 13.430719
0.400000 84.362596 17.467523
0.400400 93.843775 9.863328
0.424700 87.052568 11.331032
0.449700 90.677096 12.956597
0.470000 93.238926 33.738703
0.478300 98.593006 9.111853
0.480000 86.020638 58.840111
0.592900 114.208473 13.163554
0.679700 100.316953 7.719718
0.781200 105.114172 12.141326
0.875400 113.936868 17.204986
0.880000 161.090531 41.948685
0.900000 112.411761 22.120943
1.037000 125.189595 20.291436
1.300000 177.893787 16.949770
1.363000 151.530116 34.105140
1.430000 135.125789 18.497790
1.530000 156.460294 14.048613
1.750000 194.482574 40.725585
1.965000 212.009781 49.377867
