0.070000 71.211819 20.245225
0.090000 67.812281 12.164300
0.120000 82.966426 25.675455
0.170000 85.496184 8.192422
0.179100 79.371809 4.037869
0.199300 80.397076 5.059943
0.200000 71.809673 29.823455
0.270000 81.543075 13.973908
0.280000 90.558425 37.656604
0.351900 83.297106 13.411456
0.380200 84.561406 13.464834
0.400000 92.071257 16.961105
0.400400 105.905221 10.277558
0.424700 87.347517 11.257266
0.449700 91.475027 12.122636
0.470000 88.963963 35.337859
0.478300 83.257052 9.008141
0.480000 92.965349 58.205914
0.592900 77.028867 12.968549
0.679700 110.822013 8.209203
0.781200 110.046920 12.430291
0.875400 117.376578 16.956304
0.880000 120.177855 39.357298
0.900000 115.585114 22.602068
1.037000 110.803471 19.945932
1.300000 132.253429 16.804865
1.363000 171.427332 32.798917
1.430000 187.484032 18.050950
1.530000 191.605257 14.044004
1.750000 172.344920 40.174515
1.965000 195.351096 49.476476
