0.070000 71.160354 19.941478
0.090000 80.912109 12.036032
0.120000 66.767252 25.963476
0.170000 74.683951 7.680404
0.179100 73.769554 4.051018
0.199300 75.730818 5.125915
0.200000 77.321300 29.400128
0.270000 82.669280 14.299595
0.280000 83.958820 37.003126
0.351900 83.353492 14.119361
0.380200 88.788266 13.047440
0.400000 84.070966 16.661334
0.400400 100.098022 10.491962
0.424700 87.143360 11.641383
0.449700 89.953786 12.627375
0.470000 88.461297 34.315104
0.478300 97.726885 8.770581
0.480000 93.380095 59.780131
0.592900 91.085689 13.040126
0.679700 102.882784 7.930251
0.781200 113.571107 12.055518
0.875400 121.772848 17.538447
0.880000 165.152258 41.154000
0.900000 116.911126 22.122538
1.037000 116.675717 20.151224
1.300000 146.825219 17.298126
1.363000 135.283624 32.646326
1.430000 159.193867 18.522309
1.530000 162.249463 13.547082
1.750000 217.311328 39.522526
1.965000 189.217368 51.608097
