0.070000 68.100893 20.092509
0.090000 75.672351 11.834212
0.120000 69.882076 25.526175
0.170000 63.485713 7.910170
0.179100 75.481761 3.917015
0.199300 79.994921 4.991901
0.200000 75.834292 29.482105
0.270000 80.498858 14.133515
0.280000 79.312240 36.754627
0.351900 84.111911 13.576796
0.380200 83.024968 13.652390
0.400000 95.500946 16.901732
0.400400 78.062536 10.348935
0.424700 87.364906 11.168628
0.449700 92.459020 13.245296
0.470000 89.861909 34.473552
0.478300 86.654018 9.069641
0.480000 87.052871 61.519575
0.592900 92.321352 13.007812
0.679700 96.960357 8.170890
0.781200 102.295486 11.757200
0.875400 120.506119 18.009586
0.880000 132.535674 38.849318
0.900000 116.022756 24.310566
1.037000 142.618364 20.580019
1.300000 149.059655 17.073829
1.363000 166.277032 34.352723
1.430000 157.253629 17.929982
1.530000 191.292812 13.883211
1.750000 189.002805 38.921880
1.965000 213.415961 49.388099
