0.070000 82.110939 19.048580
0.090000 69.712234 11.891931
0.120000 72.329955 26.350385
0.170000 78.807974 8.407587
0.179100 74.412198 4.088049
0.199300 71.566591 5.126813
0.200000 75.789751 30.738369
0.270000 79.408260 13.939587
0.280000 80.607681 36.091232
0.351900 83.405892 13.877482
0.380200 83.574512 13.628685
0.400000 83.859106 16.959376
0.400400 92.172585 10.297100
0.424700 88.968199 11.310791
0.449700 89.460312 12.770194
0.470000 88.565711 33.617927
0.478300 91.159196 9.080882
0.480000 77.247735 60.285961
0.592900 103.515176 12.909515
0.679700 110.166480 8.426077
0.781200 108.767606 12.325314
0.875400 102.856939 17.317260
0.880000 98.090765 40.199760
0.900000 115.263610 23.240142
1.037000 122.693695 20.366478
1.300000 147.539863 17.029674
1.363000 154.709308 33.152004
1.430000 153.023285 18.085406
1.530000 192.168249 13.820402
1.750000 174.507504 40.318298
1.965000 229.964350 50.815880
