0.070000 72.273613 18.983431
0.090000 81.326347 12.091209
0.120000 67.410438 26.573696
0.170000 79.718406 7.737952
0.179100 78.136978 3.931124
0.199300 77.482066 4.814558
0.200000 72.515391 29.037403
0.270000 77.811683 14.315750
0.280000 85.321340 37.166754
0.351900 83.052783 13.795202
0.380200 80.993678 13.871436
0.400000 95.920317 17.336049
0.400400 87.210095 10.195631
0.424700 87.101263 10.947974
0.449700 85.627088 12.766511
0.470000 89.159877 33.759842
0.478300 98.221908 9.093561
0.480000 108.377798 62.090512
0.592900 113.180410 12.907875
0.679700 104.172539 7.932202
0.781200 109.999515 12.115304
0.875400 124.745529 17.110961
0.880000 61.890943 39.547523
0.900000 111.785687 22.930163
1.037000 114.005122 20.490536
1.300000 116.324130 17.790703
1.363000 140.044879 34.013511
1.430000 158.518550 17.289798
1.530000 179.269225 13.845779
1.750000 166.597962 39.967368
1.965000 219.908168 49.101239
