0.070000 71.133431 19.438217
0.090000 71.972341 12.390841
0.120000 68.526257 26.057862
0.170000 77.852028 8.248323
0.179100 77.630729 3.990239
0.199300 75.632998 5.050093
0.200000 78.362838 30.291190
0.270000 81.482656 13.209848
0.280000 85.884527 35.495813
0.351900 82.733781 14.058325
0.380200 85.742252 13.942632
0.400000 92.280625 17.407943
0.400400 82.967148 10.035171
0.424700 87.012262 11.387920
0.449700 88.169885 12.782317
0.470000 88.571746 33.910050
0.478300 81.789134 9.049339
0.480000 93.718222 59.576192
0.592900 103.826438 12.980303
0.679700 107.280577 8.019602
0.781200 105.003405 12.054289
0.875400 122.448159 17.312592
0.880000 99.575321 38.655823
0.900000 117.492195 22.682967
1.037000 154.856810 20.422609
1.300000 133.560621 17.297534
1.363000 152.121397 33.960603
1.430000 189.419052 18.163199
1.530000 147.641074 14.669166
1.750000 168.981285 39.944094
1.965000 204.382406 50.039644
