0.070000 70.528030 20.290646
0.090000 78.034362 11.711245
0.120000 66.677970 25.762105
0.170000 90.244546 7.969666
0.179100 76.155443 4.082875
0.199300 77.418198 4.969474
0.200000 89.201408 30.031803
0.270000 80.613129 13.997411
0.280000 81.338886 36.953907
0.351900 84.368780 13.128172
0.380200 85.461695 12.868984
0.400000 92.978933 16.707731
0.400400 92.323080 10.018806
0.424700 87.290479 10.969267
0.449700 90.028350 12.805018
0.470000 91.111469 34.400724
0.478300 90.299362 9.115699
0.480000 75.618400 61.344716
0.592900 97.858194 12.647492
0.679700 103.233403 7.837653
0.781200 106.669744 11.876437
0.875400 104.674956 16.675823
0.880000 90.978955 39.048872
0.900000 115.065901 23.655848
1.037000 130.895777 19.110453
1.300000 153.389423 17.393663
1.363000 159.832115 33.534241
1.430000 171.650833 18.279442
1.530000 183.958563 13.757882
1.750000 194.097033 39.249336
1.965000 219.140578 50.242906
