0.070000 68.133155 19.965880
0.090000 74.666805 11.896434
0.120000 79.360910 25.575748
0.170000 74.504305 7.641039
0.179100 76.339730 3.950814
0.199300 79.576880 5.022413
0.200000 73.631063 29.163651
0.270000 76.688132 13.563629
0.280000 82.663192 36.366365
0.351900 83.651369 14.385604
0.380200 83.216889 13.361500
0.400000 89.423711 17.047836
0.400400 82.437299 10.227677
0.424700 88.022085 10.953814
0.449700 82.611590 13.005189
0.470000 92.680120 33.405326
0.478300 74.704888 8.990546
0.480000 86.310082 61.058057
0.592900 106.407869 13.152045
0.679700 106.212294 7.989185
0.781200 106.314642 12.051945
0.875400 121.847409 17.118053
0.880000 104.789489 40.506097
0.900000 117.467385 21.824201
1.037000 74.162567 19.682536
1.300000 137.478885 16.830757
1.363000 161.341326 34.454736
1.430000 146.050651 17.575057
1.530000 143.444433 14.753027
1.750000 173.699265 38.824871
1.965000 211.209774 49.762848
