0.070000 68.673147 20.425702
0.090000 84.475455 12.029082
0.120000 79.469939 26.077871
0.170000 81.147417 7.835235
0.179100 74.075003 4.124657
0.199300 78.102779 4.941927
0.200000 79.967480 29.461667
0.270000 83.947525 14.178120
0.280000 72.279306 35.083023
0.351900 84.569816 13.733886
0.380200 84.498846 12.855917
0.400000 79.972825 17.040753
0.400400 79.521443 9.949710
0.424700 87.120973 10.876517
0.449700 87.845915 12.913041
0.470000 89.773112 35.551053
0.478300 87.690109 8.726255
0.480000 91.162768 59.650186
0.592900 95.914919 12.773700
0.679700 86.790893 7.933163
0.781200 104.711666 11.885719
0.875400 109.441202 16.689548
0.880000 146.477301 39.509997
0.900000 115.853998 23.404410
1.037000 87.751918 20.441406
1.300000 156.395142 17.228030
1.363000 139.956145 34.188676
1.430000 152.135596 17.958418
1.530000 170.907378 13.966348
1.750000 175.811887 39.538980
1.965000 203.214466 49.853728
