0.070000 70.967140 19.665852
0.090000 68.283836 12.376252
0.120000 82.232852 25.548469
0.170000 75.785695 8.207066
0.179100 74.479347 3.960261
0.199300 74.693532 5.148278
0.200000 73.705223 29.238565
0.270000 77.229909 13.850090
0.280000 69.863317 35.596600
0.351900 83.643123 13.668606
0.380200 88.665540 12.851302
0.400000 87.579022 17.040234
0.400400 80.151790 10.168074
0.424700 88.184311 11.683071
0.449700 81.610818 12.665589
0.470000 91.920053 33.828750
0.478300 84.336472 9.043901
0.480000 82.866412 59.853754
0.592900 96.178567 12.660501
0.679700 115.049343 8.171227
0.781200 108.922629 11.739092
0.875400 114.086089 17.422452
0.880000 72.115564 40.324354
0.900000 117.498499 22.321373
1.037000 82.445059 20.901453
1.300000 154.051037 16.745847
1.363000 154.366671 32.610754
1.430000 185.613553 18.272226
1.530000 157.231834 13.880776
1.750000 147.541999 39.961311
1.965000 222.778957 51.069194
