0.070000 73.332477 20.134957
0.090000 72.656170 12.062604
0.120000 68.321206 25.549934
0.170000 79.146731 7.645411
0.179100 75.803541 3.938408
0.199300 77.108370 5.006205
0.200000 78.257592 29.848397
0.270000 80.828746 13.704607
0.280000 96.600892 36.996310
0.351900 85.373913 14.466364
0.380200 83.415394 13.860985
0.400000 76.960025 17.224862
0.400400 83.191521 10.225589
0.424700 88.954217 11.207693
0.449700 91.059025 13.400133
0.470000 88.624388 33.519111
0.478300 103.784498 8.776746
0.480000 82.677939 60.100594
0.592900 97.412705 12.706909
0.679700 115.955487 7.784112
0.781200 113.927563 11.576488
0.875400 112.134108 16.864609
0.880000 131.494099 39.048471
0.900000 114.729068 22.799571
1.037000 58.113946 20.094154
1.300000 144.879388 16.596521
1.363000 150.496097 35.357093
1.430000 164.526706 18.221250
1.530000 167.674984 13.766852
1.750000 203.982870 40.096176
1.965000 174.533605 51.498064
