0.070000 73.406326 19.824354
0.090000 71.332345 12.070421
0.120000 74.203574 27.288019
0.170000 79.067512 7.866747
0.179100 77.528066 3.952106
0.199300 74.526556 5.167769
0.200000 81.755375 29.280076
0.270000 83.966660 13.968879
0.280000 80.877255 35.727343
0.351900 83.688570 13.713576
0.380200 87.417153 14.296755
0.400000 89.824437 16.905876
0.400400 92.418783 10.056531
0.424700 87.424388 11.382255
0.449700 93.498882 12.770553
0.470000 91.576476 34.322799
0.478300 92.096992 8.600958
0.480000 92.463655 60.337630
0.592900 89.954631 12.626213
0.679700 113.726777 8.304640
0.781200 101.656166 12.148210
0.875400 119.142495 18.104916
0.880000 99.564143 38.641843
0.900000 115.205585 22.344025
1.037000 141.832342 19.912389
1.300000 151.687170 17.469257
1.363000 168.710019 33.260542
1.430000 164.030196 18.299396
1.530000 139.525440 14.905636
1.750000 168.479949 39.566494
1.965000 200.291728 51.492743
