0.070000 68.283904 19.105551
0.090000 67.893942 11.936017
0.120000 80.323986 26.140827
0.170000 74.257239 7.885054
0.179100 77.495121 3.940231
0.199300 76.800248 4.970985
0.200000 74.263664 31.098894
0.270000 81.158778 13.363126
0.280000 70.169579 37.061237
0.351900 83.989730 13.743801
0.380200 86.497960 13.772387
0.400000 85.416410 17.670207
0.400400 84.034565 9.811175
0.424700 86.980055 11.199929
0.449700 87.682776 12.411689
0.470000 88.801362 33.095903
0.478300 96.309277 8.812852
0.480000 97.402663 61.450600
0.592900 88.596902 12.834204
0.679700 114.231544 7.904291
0.781200 111.902793 11.953550
0.875400 122.286632 16.572720
0.880000 130.196215 41.557868
0.900000 115.265107 22.957442
1.037000 162.917127 20.274839
1.300000 163.320107 16.733365
1.363000 154.935828 33.087068
1.430000 125.888664 17.990878
1.530000 119.783911 13.791494
1.750000 230.187797 40.565307
1.965000 226.278337 49.326207
