0.070000 72.947270 19.751161
0.090000 75.246060 12.005211
0.120000 65.322283 26.524755
0.170000 65.564682 8.177956
0.179100 75.048703 3.983206
0.199300 76.657279 4.793082
0.200000 72.469330 28.939420
0.270000 80.041939 13.684802
0.280000 85.460266 37.902682
0.351900 84.475702 14.174355
0.380200 87.339198 13.716523
0.400000 76.675617 17.046115
0.400400 87.810779 10.222171
0.424700 88.621820 11.324663
0.449700 92.693362 12.539211
0.470000 88.393406 33.969688
0.478300 104.749085 9.042567
0.480000 83.066068 60.459872
0.592900 106.546350 12.904419
0.679700 101.803176 7.753836
0.781200 115.679910 11.951142
0.875400 97.611508 16.780588
0.880000 111.769037 41.087266
0.900000 117.038111 22.708032
1.037000 104.244133 20.674804
1.300000 165.380363 17.252818
1.363000 144.640388 34.510620
1.430000 164.812185 18.279356
1.530000 129.970116 13.926243
1.750000 183.854624 39.901136
1.965000 211.076937 49.958161
