0.010160 32.478447 0.358833
0.010170 33.122330 0.357421
0.010170 33.315186 0.342073
0.010260 33.294393 0.306670
0.010260 33.236740 0.303919
0.010280 33.203568 0.254472
0.010420 33.410463 0.327950
0.010440 32.832187 0.341710
0.010610 33.187726 0.312170
0.010610 33.290282 0.276454
0.010730 33.079254 0.365166
0.010790 33.528082 0.329533
0.010790 33.715295 0.384803
0.010960 33.463710 0.312930
0.011140 33.801823 0.346432
0.011140 33.443148 0.299331
0.011220 33.160816 0.345933
0.011220 33.436431 0.278051
0.011220 33.507184 0.329699
0.011550 33.670117 0.280642
0.011950 33.531072 0.294703
0.012130 33.627693 0.348835
0.012200 33.600507 0.260860
0.012330 33.461950 0.256347
0.012460 33.811279 0.261786
0.012580 33.678151 0.247171
0.012580 33.625849 0.251169
0.012590 33.682423 0.268960
0.012590 33.747351 0.274202
0.012790 33.726463 0.406301
0.012830 33.724604 0.294492
0.012830 33.957183 0.337565
0.013030 33.768536 0.243614
0.013030 33.769199 0.290542
0.013040 33.660867 0.285081
0.013040 33.418346 0.276301
0.013120 33.871591 0.268779
0.013120 33.427728 0.263442
0.013250 33.738519 0.309857
0.013250 33.548587 0.297053
0.013250 33.634951 0.302805
0.013750 33.903974 0.282700
0.013750 33.847387 0.230597
0.013750 33.682188 0.242535
0.013760 33.597369 0.283021
0.013860 34.253738 0.345071
0.013880 34.002161 0.231409
0.013890 33.959845 0.290912
0.013890 33.969362 0.304559
0.014110 33.769648 0.252727
0.014240 33.898494 0.270032
0.014420 33.990769 0.314158
0.014420 33.997380 0.351386
0.014420 33.303032 0.355629
0.014420 33.858917 0.404989
0.014420 34.057287 0.410711
0.014460 34.083920 0.239137
0.014500 34.093557 0.355264
0.014530 34.544389 0.214350
0.014600 34.115393 0.255001
0.014620 34.022451 0.248241
0.014630 33.909665 0.393704
0.014630 33.771157 0.396623
0.014670 34.063835 0.245852
0.014720 34.217491 0.394797
0.014840 34.002452 0.266997
0.014920 33.994822 0.385705
0.014930 34.078824 0.281040
0.014990 34.092388 0.235939
0.014990 33.880357 0.224584
0.015150 33.932333 0.285061
0.015190 33.931166 0.271983
0.015250 34.368232 0.312004
0.015290 34.054247 0.353334
0.015420 34.033259 0.362661
0.015430 34.137361 0.327378
0.015460 34.146932 0.231396
0.015490 34.206625 0.329574
0.015500 34.320049 0.272955
0.015500 34.255902 0.262845
0.015500 34.360283 0.279263
0.015500 34.278235 0.308425
0.015570 34.136028 0.301020
0.015570 34.517205 0.290112
0.015620 34.169948 0.270252
0.015620 34.141871 0.327046
0.015650 33.804024 0.272684
0.015760 34.175535 0.285845
0.015780 34.364282 0.217160
0.015780 34.336217 0.283367
0.015810 34.220005 0.238657
0.015810 34.105947 0.217490
0.015870 34.272540 0.264687
0.015880 34.203625 0.228184
0.015900 34.214704 0.248309
0.015900 34.189938 0.207954
0.015900 34.152860 0.264901
0.016030 34.185480 0.279019
0.016520 34.120529 0.343143
0.016520 34.077191 0.333159
0.016560 34.254297 0.215862
0.016570 33.806131 0.415991
0.016620 34.292677 0.255898
0.016660 34.241168 0.195510
0.016710 34.471203 0.245628
0.016780 34.211430 0.245411
0.016820 34.601069 0.366283
0.016820 34.161556 0.343255
0.016820 33.442535 0.270582
0.016900 34.454524 0.290258
0.016900 34.221544 0.257898
0.016920 34.374906 0.324155
0.016980 34.349453 0.226676
0.016990 34.650380 0.300629
0.017050 34.194289 0.218009
0.017180 34.179250 0.324144
0.017180 34.505227 0.325076
0.017200 34.076651 0.222803
0.017300 34.266075 0.290378
0.017300 34.477924 0.257978
0.017330 34.364456 0.227130
0.017330 34.315232 0.238323
0.017340 34.379709 0.221755
0.017370 34.234151 0.264405
0.017370 34.201839 0.268545
0.017430 34.967688 0.330557
0.017470 34.245898 0.197411
0.017470 34.413172 0.205638
0.017520 34.548340 0.225535
0.017760 34.122092 0.311895
0.017780 34.326647 0.211973
0.017780 34.715437 0.216157
0.017840 34.297222 0.242098
0.017840 34.176609 0.220250
0.017900 34.437706 0.331099
0.018020 34.418621 0.238257
0.018080 34.554084 0.206717
0.018260 34.548954 0.214854
0.018260 34.589105 0.275641
0.018390 34.482041 0.238989
0.018550 34.475783 0.259734
0.018550 34.574680 0.298991
0.018650 34.482880 0.234242
0.018650 34.541748 0.245618
0.018660 34.614199 0.272342
0.018750 34.545272 0.217112
0.018750 34.502609 0.327517
0.019050 34.752021 0.286312
0.019470 34.570829 0.191699
0.019470 34.425662 0.191974
0.019750 34.742244 0.485413
0.019750 34.824062 0.444004
0.019760 34.674380 0.403916
0.019950 35.209482 0.298240
0.020010 34.702113 0.209122
0.020060 34.581052 0.195776
0.020190 34.746908 0.238166
0.020190 34.706707 0.186078
0.020230 34.781454 0.190076
0.020230 34.451222 0.285120
0.020230 34.710150 0.188522
0.020230 34.677603 0.188700
0.020240 34.749433 0.185855
0.020340 34.957686 0.243728
0.020340 34.609128 0.366830
0.020350 34.721304 0.187522
0.020350 34.999307 0.176100
0.020350 34.374259 0.199238
0.020440 34.789076 0.210403
0.020490 34.773789 0.379793
0.020520 34.915829 0.341786
0.020560 34.456754 0.220662
0.020560 35.042702 0.242878
0.020810 34.833983 0.322619
0.020820 34.698448 0.229698
0.020820 34.637571 0.258055
0.020900 34.812142 0.308966
0.020960 34.878562 0.221627
0.021060 34.814131 0.232978
0.021160 35.339611 0.200910
0.021160 34.833830 0.196046
0.021180 34.879781 0.301299
0.021180 35.212267 0.304008
0.021310 34.907570 0.179918
0.021310 34.874310 0.178142
0.021310 34.719951 0.184710
0.021340 34.876423 0.335066
0.021370 34.571774 0.197762
0.021510 34.589729 0.196920
0.021530 34.843692 0.400110
0.021700 34.800790 0.191886
0.021830 34.735259 0.272835
0.021830 35.294103 0.266334
0.021970 34.848197 0.243354
0.021980 34.915198 0.220644
0.022030 34.843238 0.249992
0.022050 35.187825 0.200113
0.022070 34.898401 0.185376
0.022150 34.986354 0.285820
0.022190 34.950235 0.209533
0.022280 34.969525 0.176390
0.022280 34.929140 0.265293
0.022310 34.923263 0.172361
0.022340 34.853111 0.197805
0.022340 34.897993 0.195297
0.022360 35.006592 0.231217
0.022390 34.709393 0.298137
0.022390 34.960574 0.240380
0.022400 34.667393 0.289636
0.022400 35.105103 0.256804
0.022410 34.856305 0.207863
0.022550 34.963670 0.238899
0.022660 34.839576 0.215023
0.022700 34.823009 0.196382
0.022730 35.162930 0.365812
0.022950 35.085440 0.302296
0.022950 34.769557 0.209068
0.022980 34.999793 0.276785
0.022980 35.005307 0.236886
0.023030 35.017996 0.189641
0.023070 35.304406 0.339294
0.023130 35.009785 0.281829
0.023160 35.075770 0.277282
0.023210 34.989895 0.181766
0.023250 35.016745 0.244247
0.023310 35.474824 0.273528
0.023310 35.634646 0.273798
0.023420 34.990065 0.288893
0.023420 35.009749 0.229401
0.023420 35.012342 0.230113
0.023430 35.243738 0.268540
0.023430 35.385060 0.171427
0.023440 34.818936 0.263624
0.023520 35.057299 0.224147
0.023540 34.930576 0.211314
0.023570 35.042809 0.216411
0.023570 35.041515 0.250871
0.023570 35.079472 0.256566
0.023650 35.127245 0.267817
0.023690 35.093435 0.211688
0.023880 35.188041 0.173458
0.023900 35.419391 0.407312
0.023900 35.040628 0.267788
0.023910 35.064727 0.187372
0.024010 35.094778 0.193454
0.024110 35.101849 0.305185
0.024110 36.178844 0.391724
0.024120 34.761287 0.225603
0.024170 34.830355 0.207555
0.024170 35.160185 0.184858
0.024280 35.190193 0.223855
0.024290 35.119510 0.196002
0.024320 35.474468 0.183456
0.024320 34.915141 0.199895
0.024320 34.980390 0.233620
0.024340 35.299858 0.198766
0.024530 35.246732 0.161034
0.024530 35.070217 0.201940
0.024530 35.112410 0.166951
0.024570 35.148894 0.194825
0.024620 35.186807 0.230766
0.024620 35.174815 0.239371
0.024620 35.238721 0.230006
0.024640 34.751166 0.213280
0.024640 35.475320 0.187028
0.024660 35.475111 0.313579
0.024910 35.171460 0.229165
0.024940 35.187040 0.234310
0.025090 35.190348 0.267255
0.025100 35.099188 0.271832
0.025100 35.165190 0.183048
0.025100 35.313530 0.200963
0.025100 34.848799 0.181059
0.025120 35.188754 0.194488
0.025130 35.383156 0.332926
0.025170 35.554627 0.301145
0.025170 35.222685 0.233159
0.025170 35.213410 0.196964
0.025190 35.037329 0.152228
0.025190 35.156772 0.169844
0.025210 35.413920 0.183158
0.025250 35.280654 0.241510
0.025250 35.114783 0.264453
0.025340 35.257911 0.174284
0.025340 35.228422 0.185121
0.025560 35.380284 0.227157
0.025570 35.411787 0.194006
0.025850 35.224801 0.344119
0.025910 35.243822 0.206924
0.025960 35.418664 0.202027
0.025980 35.270679 0.176147
0.025980 35.154431 0.197425
0.025980 35.165069 0.354298
0.025980 35.296293 0.177338
0.026260 35.309363 0.285876
0.026260 35.191947 0.325405
0.026320 35.188521 0.368683
0.026690 35.326039 0.184449
0.026910 35.531430 0.180812
0.026910 35.309081 0.207261
0.026950 35.240258 0.180389
0.027130 35.371921 0.183609
0.027140 35.330427 0.216839
0.027300 35.375467 0.302022
0.027310 35.232757 0.172151
0.027310 35.409270 0.231965
0.027310 35.074854 0.340688
0.027310 35.238579 0.265149
0.027360 35.291857 0.227602
0.027400 35.393825 0.340759
0.027410 35.432981 0.229529
0.027480 35.237346 0.168590
0.027480 35.690031 0.185447
0.027480 35.658827 0.173242
0.027730 35.468800 0.287855
0.028030 35.220196 0.318098
0.028050 35.871435 0.184338
0.028100 34.995053 0.200760
0.028160 35.382412 0.193976
0.028190 35.523620 0.175981
0.028200 35.461191 0.290090
0.028230 35.338747 0.159900
0.028230 35.388869 0.161065
0.028230 35.314771 0.152487
0.028330 35.527443 0.175479
0.028440 35.397226 0.160193
0.028440 35.384210 0.156773
0.028490 35.964222 0.171985
0.028490 35.430166 0.176180
0.028490 35.571040 0.177751
0.028490 35.477150 0.174719
0.028490 35.469842 0.364553
0.028570 35.401392 0.232635
0.028580 35.496070 0.252954
0.028660 35.411860 0.206303
0.028660 35.608753 0.200340
0.028730 35.842204 0.226093
0.028880 35.440022 0.664026
0.028980 35.500750 0.283817
0.029020 36.201453 0.213780
0.029130 35.534576 0.248381
0.029150 35.612457 0.176229
0.029170 35.425795 0.186923
0.029190 35.524273 0.172868
0.029380 35.666002 0.306612
0.029380 35.662767 0.222575
0.029440 35.580124 0.192244
0.029470 35.690186 0.274184
0.029490 35.671085 0.217337
0.029500 35.873136 0.290032
0.029530 35.564646 0.181553
0.029560 35.618093 0.185453
0.029690 36.197531 0.197445
0.029780 35.544473 0.185593
0.029780 35.454337 0.189741
0.029900 35.691220 0.187410
0.029960 35.387034 0.198280
0.030120 35.577020 0.201236
0.030120 35.723916 0.196702
0.030120 35.546859 0.238768
0.030230 35.483016 0.163905
0.030310 35.552739 0.218233
0.030360 35.838074 0.173704
0.030470 35.604364 0.264890
0.030590 35.933775 0.162047
0.030750 35.406914 0.334263
0.030760 35.711675 0.211318
0.030830 35.815480 0.278219
0.030860 35.579026 0.185079
0.030910 35.285726 0.168275
0.030960 35.654380 0.203817
0.031080 35.613951 0.395930
0.031080 36.043056 0.346982
0.031080 35.649874 0.376229
0.031100 35.548735 0.181186
0.031140 35.671747 0.242256
0.031140 35.613440 0.173642
0.031160 35.672745 0.171952
0.031170 35.783969 0.287121
0.031180 35.700734 0.178847
0.031200 35.458452 0.177877
0.031200 35.742794 0.144119
0.031200 35.751515 0.154081
0.031210 35.661092 0.230545
0.031210 35.622214 0.220244
0.031210 35.802999 0.223549
0.031320 35.661651 0.301306
0.031430 35.719286 0.193317
0.031430 35.683097 0.185732
0.031470 35.819403 0.269750
0.031480 35.702932 0.161493
0.031480 35.702398 0.213717
0.031620 35.700989 0.197827
0.031620 35.711227 0.186031
0.031660 35.708393 0.172711
0.031920 35.653005 0.283694
0.032010 35.818649 0.143552
0.032360 35.636546 0.200292
0.032550 35.857508 0.198080
0.032600 35.754403 0.255929
0.032600 35.727582 0.298695
0.032640 35.738335 0.184935
0.032640 35.736189 0.270195
0.032640 36.046260 0.198359
0.032720 35.846335 0.155849
0.032720 35.896192 0.170615
0.032720 35.586477 0.147519
0.032820 35.538752 0.212277
0.032890 35.794559 0.176225
0.032900 35.764991 0.149389
0.032940 35.815976 0.320227
0.032960 35.726254 0.220709
0.032960 35.690011 0.227766
0.032980 35.918108 0.167471
0.033330 35.846337 0.152402
0.033330 35.842129 0.161812
0.033350 35.825272 0.197013
0.033410 35.864497 0.145805
0.033410 35.858223 0.142023
0.033710 35.759380 0.156603
0.033730 35.847096 0.266429
0.033750 35.643355 0.238741
0.033780 35.855028 0.253217
0.033930 35.947610 0.179592
0.034030 35.646524 0.305430
0.034280 35.878429 0.204619
0.034280 35.802264 0.213225
0.034370 35.759220 0.207257
0.034410 35.794877 0.336220
0.034510 35.914206 0.361594
0.034590 35.745694 0.158009
0.034790 36.020638 0.200214
0.034910 35.950988 0.166146
0.035120 35.999476 0.174447
0.035150 35.908758 0.212304
0.035160 36.049809 0.476292
0.035160 35.756274 0.478203
0.035220 35.984592 0.342555
0.035290 35.990788 0.167298
0.035510 36.014823 0.381674
0.035680 35.927060 0.185648
0.035760 35.970452 0.231698
0.035760 36.009567 0.237471
0.035830 36.025380 0.206734
0.035850 35.974700 0.204404
0.035990 35.999322 0.192162
0.036160 35.958099 0.229726
0.036240 35.938954 0.190289
0.036350 35.994955 0.191065
0.036820 35.938556 0.152969
0.036820 36.041226 0.188139
0.036970 36.089937 0.279624
0.037020 35.780378 0.300527
0.037020 36.097716 0.313796
0.037020 36.069661 0.171920
0.037020 36.034963 0.327149
0.037050 35.945909 0.158456
0.037070 36.055876 0.169979
0.037250 36.031201 0.134813
0.037250 36.091209 0.150409
0.037300 36.157738 0.187758
0.037400 35.924690 0.159458
0.037530 36.031655 0.265586
0.037560 36.227658 0.169063
0.037560 36.097502 0.173341
0.037870 36.294790 0.201925
0.037900 36.185476 0.163700
0.037960 36.096474 0.196127
0.038180 36.053795 0.152588
0.038180 35.907668 0.155013
0.038280 36.144905 0.237981
0.038340 36.232185 0.247925
0.038470 36.121714 0.317334
0.038480 36.303529 0.147376
0.038730 36.316747 0.170375
0.038840 36.184587 0.217013
0.039020 35.992063 0.199118
0.039090 36.143859 0.217230
0.039100 36.145730 0.190539
0.040140 36.223435 0.151963
0.040350 35.999276 0.246260
0.040560 36.295905 0.146519
0.040560 36.350864 0.142720
0.040770 36.292809 0.208177
0.040890 36.202913 0.165501
0.040950 36.441826 0.299494
0.040990 36.392722 0.151471
0.041010 36.267408 0.156739
0.041670 36.233406 0.280734
0.042220 36.427730 0.213185
0.042580 36.347626 0.418404
0.042680 36.431641 0.151591
0.042680 35.857767 0.291175
0.042850 36.267372 0.176833
0.042850 36.295615 0.170139
0.042890 36.408110 0.162250
0.043060 36.326665 0.203557
0.043490 36.413490 0.169661
0.043490 36.519339 0.149482
0.043490 36.531453 0.161071
0.043690 36.489228 0.182146
0.044080 36.595432 0.171351
0.044380 36.347289 0.224543
0.044390 36.749686 0.247559
0.044400 36.379049 0.266393
0.044640 36.506811 0.284096
0.044870 36.467015 0.164242
0.045210 36.278573 0.309166
0.045450 36.631435 0.197792
0.045750 36.571703 0.171187
0.045750 36.545335 0.152528
0.045830 36.858342 0.182518
0.045900 36.711012 0.202107
0.046250 36.627006 0.215272
0.046310 36.539170 0.156435
0.046430 36.220090 0.198765
0.046560 36.643738 0.208529
0.046640 36.716615 0.189617
0.046820 36.469169 0.150496
0.046820 36.479571 0.182594
0.046910 36.356548 0.278972
0.047380 36.678249 0.229584
0.047600 36.643566 0.158668
0.047770 36.662426 0.138155
0.047770 36.622523 0.208711
0.048190 36.549677 0.164727
0.048370 36.278388 0.150270
0.048600 36.626800 0.138473
0.048650 36.720269 0.175979
0.049340 36.739572 0.197161
0.049400 37.094023 0.176115
0.049440 36.894356 0.173374
0.049850 36.854699 0.246794
0.049890 36.499549 0.180990
0.050180 36.846750 0.151788
0.050230 36.343838 0.162893
0.050320 36.755523 0.447383
0.050440 36.583539 0.201302
0.050490 36.590874 0.189382
0.050520 36.777675 0.135027
0.050660 36.770230 0.306012
0.051060 36.737746 0.164637
0.051260 36.847461 0.208411
0.051510 36.584306 0.155612
0.051940 36.974765 0.228919
0.052020 36.788284 0.203351
0.052020 37.117502 0.296948
0.052220 36.834526 0.214479
0.052620 36.868766 0.206613
0.053090 36.831187 0.163748
0.053160 36.901171 0.170717
0.053460 36.929364 0.134219
0.054680 36.737306 0.179671
0.054690 36.818499 0.150261
0.055020 37.076006 0.174302
0.055410 36.932222 0.193311
0.056140 36.968897 0.191873
0.056530 37.031809 0.187329
0.056930 37.030873 0.175891
0.057080 37.017328 0.171070
0.057280 37.016924 0.228590
0.058240 37.073145 0.140501
0.058240 37.103601 0.148887
0.058300 37.048532 0.184611
0.058860 37.245779 0.211094
0.058860 37.085001 0.247717
0.059740 38.037221 0.626198
0.060920 37.414737 0.181176
0.060990 37.176077 0.121037
0.060990 37.183948 0.162981
0.061210 37.187823 0.206207
0.061370 37.098550 0.199228
0.061370 37.447588 0.140213
0.061530 37.288280 0.184890
0.063720 37.237879 0.200941
0.063840 37.290569 0.151141
0.064460 37.115880 0.157937
0.065330 37.150333 0.155526
0.066270 37.346785 0.202105
0.066540 37.370959 0.303376
0.067110 37.431447 0.190513
0.067250 37.251782 0.194623
0.067860 37.426279 0.188685
0.068440 37.501349 0.191380
0.068860 37.490601 0.157184
0.068970 37.483736 0.171307
0.070230 37.642933 0.286643
0.070560 37.616736 0.224596
0.070560 37.274315 0.210319
0.070730 37.556666 0.175090
0.070830 37.488557 0.445358
0.070890 37.570051 0.243113
0.070900 37.297805 0.531699
0.070910 37.534674 0.229432
0.071160 37.593379 0.197988
0.071580 37.437176 0.159411
0.071670 37.503558 0.208527
0.071930 37.565883 0.184366
0.072220 37.587708 0.189244
0.072520 37.553359 0.304065
0.073930 37.664959 0.173714
0.074400 38.109394 0.224404
0.074460 37.772132 0.188215
0.075200 37.943697 0.180110
0.075200 37.873388 0.156156
0.075600 37.605479 0.303439
0.075750 37.775334 0.220061
0.075880 37.684287 0.198895
0.078450 37.844398 0.148479
0.078590 37.693564 0.142363
0.078750 37.855303 0.236696
0.078750 37.500995 0.178409
0.078950 37.867431 0.507479
0.079060 37.783604 0.239294
0.079310 37.850104 0.149834
0.079910 37.711386 0.157289
0.080090 37.716318 0.117799
0.081670 37.673506 0.222936
0.082450 37.870054 0.218124
0.082820 38.158808 0.265506
0.083090 37.897941 0.187838
0.084100 37.973737 0.217814
0.085720 37.883020 0.121674
0.087040 37.945945 0.213567
0.088700 38.321598 0.255345
0.090390 37.762288 0.218943
0.090890 38.068821 0.166821
0.092050 38.092352 0.261332
0.092930 38.230780 0.505982
0.099500 38.101963 0.193733
0.101650 38.344502 0.169677
0.102210 38.405765 0.187407
0.102460 38.378684 0.197694
0.102940 38.390976 0.185321
0.103610 38.472564 0.129463
0.103740 38.178873 0.198641
0.105070 38.428830 0.237364
0.106610 38.647474 0.193270
0.107070 38.485800 0.149194
0.107110 38.584673 0.204988
0.107130 38.176738 0.483262
0.107740 38.504785 0.174930
0.107940 38.321780 0.185905
0.109080 38.354443 0.132959
0.110010 38.535055 0.177250
0.112590 38.652510 0.165772
0.113880 38.980633 0.198154
0.116500 38.536961 0.158297
0.116530 38.714975 0.178201
0.117600 38.719452 0.224674
0.117920 38.761352 0.218388
0.118180 39.103700 0.123865
0.119010 38.750711 0.205543
0.120140 38.775236 0.201516
0.120580 38.756400 0.243632
0.120860 38.739481 0.294069
0.122070 38.834306 0.160414
0.122310 38.874613 0.225936
0.122780 38.525323 0.144620
0.123160 38.687321 0.280305
0.123570 38.731413 0.165360
0.123770 38.805018 0.332938
0.123830 38.812333 0.149027
0.123930 38.685873 0.149283
0.124050 38.825632 0.219502
0.124720 38.842701 0.126821
0.125600 39.207794 0.295106
0.126230 38.721081 0.299201
0.127060 38.854299 0.258924
0.127100 38.824288 0.277584
0.127200 38.887197 0.154842
0.127320 38.850400 0.175721
0.129200 38.952444 0.151239
0.129210 38.873315 0.217589
0.129500 38.909898 0.252975
0.129580 38.881870 0.145285
0.131690 38.793349 0.129827
0.132810 39.195458 0.119357
0.133660 39.195861 0.289261
0.133720 39.226244 0.149823
0.134770 39.260411 0.205397
0.135350 39.039744 0.313835
0.136140 39.044323 0.209616
0.136580 38.997809 0.201023
0.137000 39.098310 0.206393
0.137130 39.003637 0.255909
0.137450 39.076097 0.232474
0.138220 39.138745 0.122334
0.138260 39.208220 0.162304
0.138400 39.009836 0.124544
0.138510 39.093511 0.318379
0.138750 39.011556 0.175890
0.138800 39.037591 0.126812
0.139550 39.184234 0.142716
0.140820 39.195993 0.186882
0.141040 39.295940 0.208237
0.141230 39.073435 0.207560
0.141340 39.123926 0.260981
0.143250 39.388506 0.166124
0.143450 38.677720 0.374295
0.143590 39.100264 0.128073
0.144040 39.327194 0.171324
0.144230 39.224753 0.241188
0.145420 39.212904 0.217941
0.146380 39.212062 0.210588
0.146520 39.184649 0.187262
0.147370 38.707602 0.195878
0.147470 38.816370 0.165207
0.147710 39.203526 0.182382
0.147780 39.203313 0.169182
0.148030 39.243511 0.184466
0.148060 39.496379 0.160530
0.148340 39.396279 0.144167
0.148980 39.248768 0.177558
0.149400 39.281576 0.174566
0.150500 39.341844 0.166560
0.150840 39.194293 0.139196
0.151950 39.109727 0.153610
0.152910 39.311251 0.177629
0.153180 39.356563 0.125902
0.153360 39.521542 0.163573
0.153410 39.281174 0.175656
0.153570 39.458869 0.182121
0.155110 39.209950 0.163425
0.155260 39.321065 0.159644
0.155360 39.296070 0.180818
0.156010 39.354500 0.175087
0.156710 39.426029 0.217280
0.158560 39.356508 0.158724
0.159210 39.386655 0.285614
0.159310 39.154512 0.144330
0.159480 39.921204 0.138736
0.160040 39.638815 0.267372
0.160080 39.406748 0.164861
0.160530 39.601654 0.217517
0.160610 39.439476 0.263335
0.160770 39.016428 0.201785
0.161220 39.468184 0.250692
0.162360 39.335825 0.224605
0.163750 39.166951 0.196820
0.164480 39.329066 0.195315
0.164710 39.353652 0.139595
0.164950 39.286309 0.157546
0.166030 39.522434 0.246689
0.166060 39.561005 0.196781
0.168280 39.747255 0.158265
0.169240 39.549397 0.191870
0.169710 39.557644 0.276572
0.170420 39.727272 0.131298
0.171240 39.534005 0.278014
0.171690 39.492817 0.217885
0.172560 39.461298 0.177513
0.172700 39.763440 0.157130
0.172970 39.777352 0.250543
0.173310 38.911744 0.131940
0.173740 39.647621 0.180953
0.173780 39.623242 0.150726
0.173920 39.603293 0.320726
0.174170 39.592247 0.136939
0.174200 39.734827 0.154590
0.174380 39.537031 0.178233
0.174430 39.617987 0.229916
0.174440 39.766088 0.164256
0.174980 39.682980 0.187730
0.176660 39.545146 0.139292
0.177130 39.535188 0.173306
0.177370 40.041007 0.139368
0.177860 39.319162 0.251960
0.177910 39.642262 0.130126
0.178520 39.888215 0.210406
0.179010 39.702346 0.161330
0.179110 39.726940 0.191592
0.179310 39.971907 0.230634
0.179520 39.534270 0.277343
0.179730 39.774457 0.172689
0.179750 39.761480 0.198395
0.180040 39.740859 0.278283
0.180500 40.313243 0.142883
0.180730 39.635991 0.137804
0.180780 39.733825 0.177393
0.180820 39.666369 0.129096
0.180860 39.733100 0.245717
0.180920 39.721366 0.206713
0.181260 39.666001 0.229221
0.181360 39.420637 0.129408
0.181450 39.519266 0.236852
0.182170 39.430570 0.203374
0.182290 39.687919 0.152699
0.182310 39.755356 0.156131
0.182520 39.769492 0.174859
0.183600 39.582413 0.298162
0.183750 39.791405 0.146026
0.183890 39.753576 0.197375
0.184020 39.799209 0.215971
0.184580 39.868288 0.286296
0.184590 39.758685 0.138520
0.184840 39.650743 0.287776
0.184930 39.812771 0.140280
0.185060 39.705980 0.162222
0.185150 39.512695 0.165924
0.185220 39.458597 0.174055
0.185270 39.769505 0.139952
0.186670 39.759413 0.148596
0.187280 39.794155 0.139991
0.188090 39.882162 0.188229
0.189060 39.498178 0.155669
0.189080 39.807313 0.255964
0.189290 39.717599 0.230995
0.189290 40.047649 0.197368
0.189480 39.956817 0.207885
0.189520 39.872529 0.235034
0.189950 39.854171 0.224050
0.190250 39.862388 0.154225
0.190420 39.872842 0.289754
0.190440 39.800464 0.152705
0.194130 39.982766 0.224323
0.194340 39.877173 0.229996
0.195460 40.004860 0.397902
0.195530 39.573531 0.151420
0.195570 39.904200 0.190456
0.195680 40.042291 0.216686
0.196160 39.945866 0.126958
0.196210 39.770360 0.152520
0.196270 39.940878 0.267665
0.196350 39.912226 0.288186
0.197330 39.785450 0.142710
0.197410 40.098956 0.133116
0.197820 39.515888 0.194420
0.198170 39.934755 0.178359
0.198280 40.010691 0.178171
0.198610 39.734759 0.237764
0.198770 40.023127 0.204978
0.198780 40.069821 0.174245
0.199080 39.916273 0.210364
0.199530 39.825223 0.248650
0.199610 40.332357 0.255168
0.199700 39.975205 0.168587
0.200770 40.195086 0.193467
0.200830 39.986622 0.250957
0.200870 39.541267 0.317685
0.201280 39.949381 0.225070
0.202310 40.323291 0.192479
0.202490 39.977690 0.154106
0.202790 40.194333 0.182204
0.203200 39.916528 0.148800
0.203290 40.029990 0.165342
0.203310 39.961894 0.176064
0.203340 39.855365 0.216765
0.203820 39.930509 0.164805
0.204690 40.065294 0.154953
0.204830 40.175218 0.204047
0.205230 39.957998 0.230705
0.205620 39.687843 0.176480
0.206910 40.124403 0.281214
0.207480 39.692885 0.331163
0.207510 40.019834 0.145431
0.208400 39.856355 0.266724
0.208560 39.970081 0.146149
0.208680 40.026308 0.229553
0.208700 40.162047 0.193933
0.208790 40.267093 0.154282
0.209480 40.261317 0.268681
0.210150 40.024840 0.152431
0.210370 40.357729 0.187027
0.210840 40.034911 0.229619
0.210950 39.980765 0.156093
0.211140 40.111175 0.166175
0.211340 39.948644 0.265322
0.211740 40.086289 0.228487
0.212000 40.125909 0.198812
0.212250 39.870012 0.239935
0.213500 40.147361 0.169553
0.213650 40.094485 0.197187
0.213980 39.759082 0.203433
0.214400 40.181727 0.302664
0.215070 39.973231 0.489669
0.215210 40.263101 0.227783
0.215780 40.105283 0.257332
0.216500 40.461456 0.137299
0.216890 40.151313 0.188813
0.216920 40.196109 0.184739
0.217420 40.182760 0.273814
0.217940 40.307267 0.177557
0.218450 40.217119 0.198624
0.218810 40.123236 0.240364
0.218970 40.159744 0.232650
0.218980 40.196615 0.218750
0.218990 40.397586 0.128027
0.219410 40.196354 0.204498
0.219500 40.110622 0.162629
0.219720 40.084788 0.122093
0.219780 40.219553 0.174842
0.219900 40.226315 0.224411
0.220170 40.399119 0.241878
0.220660 40.188449 0.231547
0.220830 40.147040 0.261564
0.221320 40.285658 0.143480
0.221320 39.883823 0.203235
0.221500 40.212646 0.165165
0.222990 40.393765 0.272595
0.223490 40.304787 0.169939
0.223850 40.229378 0.170947
0.224490 40.275220 0.196469
0.224490 39.825187 0.244860
0.224930 40.019056 0.162258
0.225420 40.007108 0.178748
0.225430 40.164389 0.179033
0.225510 40.144956 0.194301
0.225780 40.186813 0.169113
0.226450 39.862047 0.197353
0.227260 40.413113 0.221936
0.228180 40.278031 0.181310
0.228650 40.365263 0.301156
0.229280 40.378832 0.199509
0.229780 40.161157 0.182085
0.230200 40.284233 0.227057
0.230410 40.309190 0.256506
0.230820 40.367375 0.289297
0.230860 40.516085 0.204170
0.230920 40.321568 0.231453
0.231250 40.316979 0.194202
0.231620 40.233019 0.229195
0.231640 40.110331 0.230805
0.232050 40.233067 0.154714
0.232820 40.642911 0.180526
0.233670 40.432144 0.253185
0.233780 40.358987 0.196873
0.233910 40.252302 0.292005
0.233950 40.267755 0.206455
0.234720 40.082905 0.327123
0.234810 40.389004 0.160220
0.234940 40.313298 0.186730
0.235200 40.596882 0.272459
0.235560 40.332102 0.209731
0.236390 40.384618 0.146192
0.236620 40.301863 0.153744
0.236640 40.313498 0.197897
0.236850 40.356918 0.238793
0.236930 40.091913 0.206330
0.237210 40.389879 0.201432
0.237460 40.654254 0.307588
0.237890 40.166177 0.177009
0.239500 39.518632 0.212520
0.239810 40.691970 0.175949
0.240200 40.424131 0.274268
0.240850 40.410743 0.169255
0.241220 40.405327 0.130274
0.241510 40.391717 0.176408
0.241640 39.958999 0.266436
0.242200 40.525286 0.220607
0.242800 40.443815 0.216503
0.242840 40.295766 0.251154
0.243290 40.458016 0.143700
0.243540 40.348448 0.307068
0.244100 40.389863 0.249677
0.244440 40.178638 0.214374
0.244590 39.901453 0.184822
0.245110 40.425854 0.202400
0.245230 40.481821 0.184097
0.245530 40.618164 0.225596
0.245850 40.498012 0.169619
0.246170 40.538625 0.151333
0.246500 40.479145 0.174253
0.246560 40.728625 0.209591
0.246600 40.505134 0.150052
0.247110 40.741014 0.134827
0.248460 40.714925 0.179708
0.248600 40.491151 0.208273
0.248610 40.465460 0.195392
0.248620 40.454719 0.259869
0.248650 40.730987 0.178431
0.248960 40.525569 0.183852
0.249090 40.486591 0.166466
0.249720 40.477533 0.221740
0.249830 40.818709 0.207220
0.249860 40.436808 0.165415
0.250190 40.521737 0.225683
0.250220 40.635118 0.212538
0.250430 40.444674 0.174771
0.250510 40.500111 0.191217
0.250630 40.313607 0.182795
0.250900 40.443103 0.205027
0.251990 40.556810 0.204441
0.252600 40.486203 0.168979
0.252600 40.648362 0.253582
0.253300 40.565131 0.156426
0.253580 40.786574 0.267898
0.254070 40.583393 0.171228
0.256160 40.535739 0.196069
0.256200 40.590796 0.256467
0.256370 40.470027 0.211645
0.256830 40.615666 0.251003
0.257310 40.579459 0.249681
0.257360 40.698290 0.198627
0.257720 40.565944 0.221614
0.258130 40.522594 0.228106
0.258590 40.565691 0.208741
0.258650 40.545074 0.147508
0.259040 40.568340 0.160618
0.259190 40.946973 0.179263
0.259230 40.645139 0.157695
0.259480 40.529841 0.233135
0.259520 40.510671 0.173866
0.260620 40.544637 0.166000
0.260940 40.618005 0.184761
0.261410 40.636622 0.209095
0.261620 40.400816 0.220809
0.261720 40.579040 0.249311
0.261730 40.564697 0.231520
0.261750 40.494879 0.228512
0.261840 40.594567 0.246510
0.262000 40.757251 0.219132
0.263030 40.612517 0.513697
0.263230 40.622186 0.175557
0.263600 40.820421 0.179030
0.263930 40.660551 0.169584
0.263970 40.076004 0.206654
0.264080 40.630072 0.375783
0.264190 40.344289 0.248370
0.264600 40.526130 0.199326
0.264630 40.658529 0.249627
0.265820 40.686350 0.217833
0.265830 40.413238 0.206562
0.266400 40.803721 0.256873
0.267000 40.723752 0.201346
0.267910 40.434488 0.204047
0.268180 40.576110 0.225150
0.268590 40.647749 0.180350
0.268600 40.457646 0.239921
0.268870 40.674229 0.215581
0.270200 40.757206 0.201786
0.270210 40.486830 0.163527
0.270570 40.606411 0.208241
0.270940 40.790808 0.164080
0.271410 40.367788 0.118764
0.272760 40.749573 0.165386
0.273510 41.020459 0.212449
0.274560 40.740264 0.284196
0.275090 40.809653 0.231401
0.275160 40.633517 0.236510
0.275850 40.865013 0.219471
0.276310 40.726721 0.180433
0.276680 40.666164 0.267635
0.277760 40.742320 0.249089
0.277820 40.423650 0.178906
0.279350 40.732898 0.160303
0.279900 40.618271 0.194271
0.279950 41.048269 0.156450
0.280600 40.824512 0.150788
0.281320 41.003681 0.173103
0.282070 40.860308 0.162630
0.282660 40.742760 0.295080
0.283440 40.765128 0.185478
0.284050 40.588994 0.149390
0.284460 41.250900 0.197464
0.284460 40.790409 0.210764
0.284780 40.918858 0.343803
0.285570 40.757610 0.189546
0.285880 40.695859 0.173206
0.286650 40.846103 0.209523
0.287340 40.866509 0.249224
0.287580 41.562664 0.232138
0.287750 40.898405 0.220457
0.288140 41.046838 0.198426
0.288440 40.850870 0.139827
0.288540 41.103547 0.166741
0.288940 40.832652 0.226597
0.289010 40.641929 0.232095
0.289050 40.891824 0.164413
0.289070 40.756269 0.275985
0.289490 40.893145 0.248562
0.289950 41.068564 0.278635
0.290080 41.108879 0.238103
0.290450 41.004330 0.230854
0.291230 40.975578 0.219803
0.291930 41.063192 0.176470
0.291960 40.832596 0.174541
0.292150 40.870895 0.487937
0.292210 40.632906 0.280483
0.292510 40.975310 0.229783
0.292560 40.746756 0.215018
0.292930 40.775146 0.176979
0.292980 40.966453 0.199381
0.293650 40.897407 0.201965
0.295040 40.706868 0.172994
0.295800 40.955894 0.302021
0.295870 40.949872 0.167254
0.296470 40.880178 0.378592
0.296920 41.488439 0.202486
0.296950 40.843906 0.205287
0.298530 41.067513 0.222937
0.298550 40.616676 0.270385
0.298930 40.931803 0.255603
0.299330 40.781729 0.341034
0.299450 41.031436 0.184055
0.299470 40.874132 0.182236
0.300200 40.990713 0.198203
0.300300 40.921199 0.246243
0.300890 41.146270 0.286865
0.301420 41.028434 0.191533
0.301520 40.700815 0.205197
0.302510 41.031000 0.223574
0.303040 41.133868 0.271378
0.303520 40.952508 0.142400
0.303650 40.970936 0.198071
0.304040 41.294465 0.223021
0.304060 40.848625 0.180680
0.304760 40.968698 0.230507
0.304860 41.147081 0.140431
0.305260 40.437937 0.297274
0.305380 40.916409 0.133359
0.305480 41.008328 0.231318
0.305810 40.894303 0.162865
0.306520 40.765325 0.208938
0.306810 40.826917 0.238309
0.306910 41.065582 0.146810
0.308180 41.381521 0.143818
0.308340 41.067966 0.257985
0.308780 41.031875 0.153017
0.309220 41.014055 0.255861
0.309380 41.082901 0.270971
0.309490 41.055533 0.299737
0.309620 40.772581 0.255454
0.310520 41.274118 0.350803
0.310610 41.092321 0.229232
0.310880 41.044932 0.185270
0.311440 41.049455 0.145534
0.311790 41.058596 0.207695
0.312030 41.123699 0.162444
0.312620 40.979441 0.152646
0.312670 41.053838 0.277267
0.312700 40.297404 0.206133
0.312960 41.005589 0.195765
0.313030 41.109347 0.180140
0.313870 41.079631 0.221825
0.314530 41.076680 0.159043
0.315060 41.014182 0.228462
0.315200 41.305012 0.222789
0.315880 41.278898 0.231860
0.315930 41.112784 0.223899
0.316230 40.957015 0.276472
0.317820 41.058435 0.198419
0.318040 41.135504 0.163181
0.318220 41.300206 0.150165
0.318500 41.393795 0.328715
0.319010 41.089922 0.176595
0.319010 41.182737 0.207126
0.320960 41.252796 0.209481
0.321040 40.936902 0.154944
0.321180 41.047718 0.300179
0.322060 41.449967 0.200418
0.322230 41.362599 0.154273
0.322230 40.681183 0.140834
0.322760 41.354171 0.202277
0.324460 41.180542 0.127796
0.325480 41.064747 0.188640
0.325600 41.290484 0.250001
0.325800 41.164919 0.274329
0.325810 41.111425 0.143349
0.326320 40.941080 0.156392
0.328040 41.385116 0.171489
0.328420 41.146168 0.306897
0.328480 41.155596 0.274864
0.328510 41.079383 0.303624
0.328680 41.102110 0.153275
0.328680 41.113121 0.142579
0.328710 41.183462 0.217313
0.329070 41.586042 0.165183
0.329410 41.076842 0.314032
0.329520 41.207557 0.157810
0.329680 41.061956 0.112224
0.329950 40.803820 0.219320
0.330470 41.289872 0.131145
0.330560 41.165358 0.208060
0.330630 41.202954 0.240526
0.330890 41.187575 0.240994
0.330900 41.011944 0.213788
0.331030 41.350080 0.142038
0.331470 41.195758 0.217352
0.331470 41.218126 0.285586
0.331470 41.268274 0.171518
0.331890 40.984236 0.145954
0.332370 41.131485 0.162532
0.332980 41.283882 0.201494
0.333500 41.238026 0.146255
0.333500 41.301517 0.173158
0.334500 41.063305 0.237568
0.334980 41.154453 0.172397
0.335100 41.054114 0.176791
0.336710 40.928607 0.175331
0.337490 41.375251 0.283045
0.337510 41.353431 0.234582
0.337620 41.213132 0.177937
0.337780 41.440389 0.232486
0.338180 41.164634 0.205753
0.338480 41.320988 0.198193
0.338970 41.550782 0.350920
0.340610 41.346443 0.189164
0.340980 41.191044 0.194344
0.341110 41.660205 0.256383
0.341690 41.317466 0.324519
0.344460 41.307060 0.150512
0.344480 41.322716 0.305690
0.344870 41.350158 0.171508
0.345450 41.270614 0.228495
0.346020 41.328499 0.133719
0.346960 41.188769 0.371985
0.347170 41.375273 0.256273
0.348810 41.323186 0.222351
0.349100 41.375627 0.156991
0.349120 41.345805 0.210416
0.349320 41.287327 0.160495
0.349390 41.238818 0.170115
0.349490 41.333650 0.223849
0.349490 41.357138 0.166860
0.349490 41.502951 0.205834
0.349680 41.302659 0.289578
0.350150 41.382746 0.150564
0.350590 41.413130 0.166955
0.350990 41.253605 0.155220
0.351490 41.290840 0.209569
0.351490 41.407143 0.132896
0.353720 41.375747 0.191118
0.355190 41.482290 0.219912
0.357740 41.402247 0.290712
0.358000 41.423427 0.211253
0.358420 41.484472 0.215570
0.358500 41.579924 0.289086
0.359090 42.051833 0.324851
0.359090 41.404789 0.171234
0.359460 41.431567 0.154007
0.360170 41.193735 0.190686
0.360340 40.932613 0.231482
0.360910 41.423680 0.193367
0.361470 41.782983 0.302075
0.362800 41.025872 0.201769
0.363250 41.483437 0.210892
0.364990 41.467677 0.298125
0.366230 41.301146 0.231201
0.366560 41.212170 0.158610
0.367130 41.266702 0.149798
0.367900 41.382974 0.161604
0.367990 41.477631 0.152726
0.368390 41.480751 0.327398
0.368570 41.466969 0.340376
0.369620 41.508788 0.238736
0.369870 41.781774 0.256526
0.370230 41.495068 0.191260
0.370520 41.457755 0.166286
0.370530 41.360566 0.154851
0.370570 41.501965 0.247439
0.370620 41.464973 0.275212
0.370620 41.992463 0.138673
0.370950 41.534160 0.394992
0.371380 41.243979 0.166336
0.371530 41.343363 0.118552
0.371530 41.469476 0.168274
0.373530 41.337872 0.135697
0.374360 41.534257 0.235491
0.376760 41.644815 0.153620
0.378050 41.689708 0.222827
0.378520 41.470263 0.189528
0.379910 41.702659 0.217451
0.379970 41.736909 0.162600
0.380610 41.569049 0.185716
0.380920 41.618705 0.205108
0.381290 41.465600 0.203026
0.381530 41.563871 0.219796
0.381850 41.570094 0.186265
0.382480 41.713454 0.260517
0.382910 41.166554 0.202332
0.384020 41.577613 0.211400
0.386000 41.617535 0.149926
0.386720 41.606694 0.276533
0.387440 41.596925 0.275632
0.387810 41.587224 0.286855
0.388950 41.823805 0.196592
0.389490 41.514945 0.195218
0.392550 41.382931 0.239857
0.395100 41.564661 0.212809
0.397060 41.850620 0.166130
0.399440 41.723665 0.284006
0.400500 41.570498 0.157044
0.402210 41.818742 0.196968
0.402930 41.874784 0.295287
0.403680 41.695163 0.217223
0.404630 41.727572 0.160757
0.404830 42.245610 0.205973
0.405500 41.862028 0.132673
0.406460 41.689550 0.165733
0.408950 41.708864 0.239790
0.409200 41.755105 0.361665
0.409350 41.787676 0.268076
0.409490 41.757968 0.166287
0.410040 41.759840 0.283081
0.411230 41.669962 0.320688
0.411400 41.903658 0.246565
0.411610 41.769348 0.145349
0.412660 41.783765 0.325865
0.416570 41.681124 0.146593
0.418570 41.990458 0.203401
0.419360 41.887980 0.194583
0.419390 41.857863 0.212788
0.419600 41.822521 0.228282
0.419650 41.816775 0.236985
0.419950 42.167387 0.304286
0.420360 41.827752 0.343620
0.420880 42.334333 0.169254
0.420940 41.874098 0.247203
0.421950 41.838781 0.273687
0.422470 41.553881 0.235824
0.422490 41.794378 0.275717
0.423480 42.179200 0.180610
0.423600 41.856067 0.396272
0.423990 41.839674 0.132578
0.424590 41.935799 0.196651
0.425680 41.582641 0.197577
0.426020 41.759798 0.177082
0.427000 41.817924 0.239234
0.427030 41.877792 0.196590
0.427930 42.380192 0.239700
0.428590 41.861533 0.400514
0.428950 42.100025 0.192704
0.429030 41.926637 0.253413
0.429760 41.785130 0.201639
0.430200 41.831072 0.165970
0.434940 41.701136 0.186263
0.435460 42.380719 0.134516
0.436830 41.868285 0.180140
0.437600 41.478534 0.163902
0.437830 41.960006 0.355717
0.438900 41.470175 0.206561
0.438910 41.695802 0.286996
0.439350 41.933775 0.200394
0.440130 42.170298 0.439724
0.440670 42.008477 0.160667
0.441490 42.019463 0.188297
0.442450 41.823091 0.171324
0.442630 41.969469 0.138154
0.443610 41.857298 0.184708
0.443910 42.039801 0.296607
0.447640 41.788773 0.224731
0.448860 42.009484 0.212961
0.448910 41.975692 0.217593
0.450680 42.021871 0.161400
0.451060 41.977279 0.212045
0.451620 41.532953 0.224629
0.451620 41.992665 0.154141
0.451630 41.752756 0.309675
0.452180 41.990757 0.321128
0.453280 42.125624 0.216389
0.453460 42.024395 0.144352
0.454580 42.171082 0.206656
0.454770 42.041068 0.290867
0.458850 42.156073 0.257550
0.460640 42.088707 0.188278
0.461040 42.055715 0.227705
0.461640 41.912468 0.140114
0.466430 42.061368 0.398501
0.466540 42.101600 0.138963
0.468420 41.940745 0.202933
0.468870 41.941183 0.226944
0.470420 42.148098 0.400694
0.470650 41.983393 0.180701
0.471630 42.193363 0.223533
0.472040 42.148148 0.251458
0.475650 41.890785 0.173105
0.477860 42.325473 0.230999
0.479410 42.547655 0.205867
0.479460 42.202922 0.195039
0.479880 42.289156 0.237272
0.480640 42.057474 0.161163
0.480650 42.601633 0.139931
0.481640 42.084320 0.215211
0.488880 42.026225 0.198288
0.492440 42.250462 0.341092
0.494990 42.089197 0.158945
0.495660 42.313510 0.122113
0.495790 42.387772 0.154235
0.497390 42.163446 0.220842
0.500670 42.258328 0.255843
0.500980 42.147696 0.284671
0.502820 42.290537 0.226789
0.502850 42.476026 0.314387
0.503060 42.233316 0.309922
0.503160 42.187164 0.228116
0.505930 42.238551 0.170201
0.506150 41.751406 0.152045
0.507250 42.310611 0.181401
0.507390 42.267312 0.288874
0.508250 42.507240 0.187633
0.510160 41.708820 0.145535
0.510950 42.370238 0.243955
0.511690 42.320247 0.234087
0.513870 42.344132 0.351798
0.514370 42.470319 0.207753
0.514690 42.354603 0.400095
0.517260 42.412154 0.196537
0.518830 42.137921 0.257109
0.518850 42.577913 0.210313
0.519410 42.399130 0.311366
0.519680 42.390008 0.200773
0.522710 42.428159 0.272834
0.524000 42.531730 0.373211
0.526200 42.335864 0.220827
0.528590 42.229790 0.190483
0.529370 42.563712 0.137247
0.530990 42.082502 0.237942
0.531110 42.416678 0.294080
0.531240 42.448088 0.385981
0.532250 42.518607 0.222086
0.532710 42.547419 0.302194
0.533720 42.335149 0.287583
0.534350 42.385714 0.221044
0.535340 42.555818 0.203720
0.535720 42.615617 0.217602
0.539420 42.195831 0.236135
0.540970 42.318996 0.234711
0.541520 42.391851 0.240227
0.545450 42.602406 0.189160
0.548340 42.069451 0.358395
0.548810 42.268539 0.384609
0.550210 42.856935 0.192860
0.550330 42.606170 0.202027
0.550460 42.469059 0.373547
0.552670 42.696207 0.244741
0.553750 42.456829 0.209579
0.553840 42.871462 0.176304
0.557820 42.607659 0.198210
0.558820 42.530490 0.371619
0.558820 42.271364 0.353323
0.561810 43.150555 0.219718
0.562690 42.551140 0.261908
0.562830 42.756974 0.234277
0.564370 42.645578 0.222874
0.564370 42.480869 0.206789
0.564370 42.960116 0.291590
0.564810 42.602611 0.191069
0.568790 42.446627 0.258896
0.575420 41.982144 0.454165
0.575770 42.621469 0.212606
0.576190 42.773863 0.200517
0.576680 43.105798 0.167365
0.577370 42.641140 0.290389
0.578300 42.655816 0.236865
0.578310 42.763332 0.232432
0.578820 42.697151 0.205292
0.578910 42.755148 0.227511
0.579670 42.543796 0.226110
0.580670 42.563711 0.266932
0.580800 42.534413 0.249259
0.583010 42.631470 0.171095
0.583300 42.731669 0.180902
0.583820 42.771370 0.199078
0.583820 42.642987 0.179863
0.583900 42.761287 0.204018
0.585820 42.702662 0.388955
0.587300 42.681808 0.210244
0.588790 42.288485 0.220795
0.590290 42.539051 0.252579
0.591790 42.407459 0.253755
0.600670 42.782503 0.277416
0.601550 42.751165 0.403355
0.603280 42.748048 0.200861
0.606260 43.035790 0.281809
0.608270 42.460302 0.232660
0.608760 42.801538 0.364378
0.608780 42.662707 0.234010
0.609810 42.668419 0.328154
0.610710 42.818699 0.180955
0.611270 42.872968 0.243443
0.611770 42.796641 0.165505
0.615770 42.918800 0.342277
0.618750 42.802694 0.403702
0.619410 42.875581 0.280743
0.619830 42.854648 0.159202
0.620700 42.977282 0.268882
0.621830 42.392004 0.279977
0.625250 42.723974 0.221955
0.627250 42.633079 0.248933
0.630770 42.603174 0.204562
0.631830 42.815212 0.331292
0.632250 42.849944 0.318354
0.633990 43.105023 0.144161
0.637770 42.516725 0.447483
0.637940 42.949636 0.312082
0.638240 43.375937 0.369297
0.638730 42.819462 0.262186
0.639340 42.904384 0.177626
0.641850 42.871556 0.261296
0.643110 43.214671 0.422987
0.643710 42.879180 0.325450
0.643710 42.784200 0.323309
0.647700 42.666414 0.293975
0.648520 42.929471 0.261841
0.648700 42.910861 0.312228
0.649620 43.088471 0.153805
0.662130 43.011763 0.283140
0.664700 43.031804 0.235807
0.670720 42.989251 0.281193
0.677730 42.954572 0.316297
0.681900 42.868778 0.237210
0.683720 43.065148 0.401577
0.685190 43.053105 0.361031
0.688720 43.013825 0.224262
0.689350 43.105711 0.161001
0.689360 43.177616 0.277394
0.690720 42.997642 0.406195
0.693180 42.895550 0.310636
0.697180 43.113979 0.215761
0.698180 43.209062 0.339733
0.699180 43.131736 0.336602
0.699180 43.165904 0.224071
0.699320 43.111485 0.157459
0.699920 43.149877 0.303542
0.700700 43.282610 0.225716
0.701170 43.104048 0.261357
0.701920 42.894732 0.473378
0.701920 43.095327 0.257123
0.715710 43.475701 0.241033
0.718740 42.970579 0.195577
0.719680 43.150263 0.200554
0.719690 42.968310 0.353090
0.720150 43.362977 0.245660
0.720740 42.983628 0.308312
0.726740 43.240350 0.246373
0.727740 43.061335 0.260083
0.728660 43.586260 0.290041
0.730140 43.464252 0.326936
0.731610 43.276283 0.202898
0.733680 43.445144 0.194380
0.733950 43.144359 0.385141
0.734950 43.277248 0.233902
0.735680 43.316415 0.253529
0.735960 43.325702 0.435535
0.736750 43.387333 0.212894
0.741960 43.055508 0.320761
0.742760 43.378138 0.318550
0.745730 43.683932 0.197319
0.746070 42.447888 0.248133
0.749110 42.853296 0.264858
0.749300 43.249886 0.165519
0.750740 43.434698 0.311990
0.758990 43.190101 0.234844
0.760760 42.931115 0.199553
0.761100 42.952596 0.246618
0.761650 43.477879 0.243161
0.765660 43.220221 0.231136
0.766660 43.447637 0.246347
0.766740 43.363519 0.264109
0.767090 43.459436 0.253377
0.768650 43.342654 0.305980
0.769320 43.481564 0.161754
0.773090 43.437520 0.289662
0.779290 43.169021 0.316646
0.788070 43.403268 0.223259
0.789070 43.475780 0.275916
0.789280 43.730664 0.163450
0.796620 43.340383 0.380912
0.798630 43.500136 0.283829
0.839810 43.149084 0.207678
0.839810 44.109516 0.386109
0.854820 43.819485 0.285357
0.935850 44.160208 0.239742
0.974230 43.935329 0.196657
1.012420 44.121761 0.367999
1.019880 44.098352 0.226013
1.020880 43.497340 0.466243
1.027890 43.663449 0.344132
1.048170 44.078229 0.480109
1.120920 44.436909 0.224186
1.232250 45.069153 0.606262
1.235970 44.766321 0.275789
1.299110 44.836402 0.269654
1.304100 44.981084 0.319617
1.306110 44.960478 0.459936
1.313170 44.817341 0.318905
1.329100 44.839969 0.244859
1.341010 44.976132 0.303807
1.351360 44.464223 0.314790
1.356080 44.938053 0.230829
1.391030 45.509917 0.374164
1.416330 45.067571 0.730939
1.542900 45.193841 0.382495
1.549010 45.250464 0.231889
1.615050 45.797741 0.326340
1.697060 45.277394 0.382346
1.801190 45.557404 0.279053
1.911650 45.484157 0.355802
2.261370 46.283440 0.283039
