0.010160 32.675998 0.348788
0.010170 32.708288 0.359871
0.010170 33.380551 0.353504
0.010260 33.486636 0.318183
0.010260 33.228551 0.302887
0.010280 33.312915 0.236988
0.010420 33.200807 0.311109
0.010440 33.374495 0.339463
0.010610 33.277057 0.317122
0.010610 33.294019 0.269041
0.010730 33.271583 0.349882
0.010790 33.383869 0.322086
0.010790 33.683103 0.386012
0.010960 33.140089 0.306069
0.011140 33.119621 0.348501
0.011140 33.534686 0.292649
0.011220 33.573577 0.351489
0.011220 33.418983 0.282889
0.011220 33.506378 0.331410
0.011550 33.594399 0.282866
0.011950 33.571618 0.301845
0.012130 33.784465 0.342012
0.012200 33.562545 0.265633
0.012330 33.961013 0.260483
0.012460 33.747780 0.270213
0.012580 33.718250 0.249862
0.012580 33.618564 0.259468
0.012590 33.698431 0.260606
0.012590 33.841777 0.259721
0.012790 33.773294 0.412235
0.012830 33.726022 0.291267
0.012830 33.911415 0.343750
0.013030 33.738987 0.241452
0.013030 33.758393 0.292702
0.013040 33.792103 0.303805
0.013040 33.973670 0.281356
0.013120 34.096268 0.281425
0.013120 33.513481 0.266532
0.013250 33.828701 0.306822
0.013250 33.843973 0.307736
0.013250 33.870798 0.306266
0.013750 33.934466 0.273944
0.013750 33.826223 0.243379
0.013750 33.718586 0.235853
0.013760 33.873992 0.280015
0.013860 34.402493 0.332016
0.013880 33.459462 0.229074
0.013890 34.016307 0.282562
0.013890 33.982597 0.303004
0.014110 33.916508 0.240938
0.014240 34.020117 0.268167
0.014420 34.026760 0.309659
0.014420 34.000549 0.355451
0.014420 34.080878 0.389648
0.014420 33.900062 0.400574
0.014420 33.765483 0.384849
0.014460 34.012270 0.240225
0.014500 34.030043 0.353927
0.014530 34.379695 0.212489
0.014600 34.048308 0.248620
0.014620 33.977850 0.248261
0.014630 33.591757 0.401859
0.014630 34.084591 0.385665
0.014670 33.972590 0.239357
0.014720 34.318634 0.385956
0.014840 34.079971 0.274334
0.014920 33.952925 0.374004
0.014930 34.061041 0.275876
0.014990 33.995889 0.224504
0.014990 34.167948 0.225236
0.015150 34.433968 0.301898
0.015190 34.131391 0.275972
0.015250 34.090719 0.302324
0.015290 34.198600 0.344808
0.015420 33.874661 0.368986
0.015430 34.089353 0.310217
0.015460 34.037753 0.225709
0.015490 34.085760 0.340533
0.015500 34.174212 0.272105
0.015500 34.085371 0.256099
0.015500 34.333422 0.291707
0.015500 34.368733 0.307551
0.015570 34.102758 0.293096
0.015570 33.957441 0.298265
0.015620 34.168396 0.265624
0.015620 34.129604 0.331078
0.015650 34.116633 0.274008
0.015760 34.183190 0.284626
0.015780 34.098289 0.223957
0.015780 34.175511 0.291816
0.015810 34.286097 0.236891
0.015810 33.754982 0.221888
0.015870 34.124105 0.263977
0.015880 33.713342 0.219777
0.015900 34.195462 0.237892
0.015900 34.284349 0.212951
0.015900 33.821965 0.275736
0.016030 34.116201 0.284856
0.016520 34.301274 0.338351
0.016520 34.447985 0.325920
0.016560 34.323669 0.214362
0.016570 34.089641 0.419041
0.016620 34.283890 0.250240
0.016660 34.247383 0.199963
0.016710 34.233011 0.234917
0.016780 34.418920 0.256848
0.016820 34.359498 0.356929
0.016820 34.708898 0.350846
0.016820 34.033386 0.279728
0.016900 34.029199 0.289442
0.016900 34.301169 0.259993
0.016920 33.873920 0.315467
0.016980 34.341188 0.228874
0.016990 34.138891 0.299898
0.017050 34.481576 0.217257
0.017180 33.987671 0.309795
0.017180 34.272374 0.323217
0.017200 33.820466 0.224059
0.017300 34.643314 0.277182
0.017300 33.929591 0.247274
0.017330 34.400700 0.226692
0.017330 34.528027 0.247378
0.017340 34.377073 0.219420
0.017370 34.138324 0.266587
0.017370 34.064872 0.277011
0.017430 35.120795 0.340208
0.017470 34.330673 0.192583
0.017470 34.336860 0.198506
0.017520 33.999529 0.233548
0.017760 34.393973 0.307973
0.017780 34.405010 0.212436
0.017780 34.260851 0.213072
0.017840 34.352015 0.252509
0.017840 34.216121 0.220548
0.017900 34.518919 0.332197
0.018020 34.233448 0.233720
0.018080 34.398634 0.198416
0.018260 34.564492 0.216606
0.018260 34.725537 0.279211
0.018390 34.421361 0.224429
0.018550 34.503796 0.255977
0.018550 34.626411 0.292560
0.018650 34.541724 0.243310
0.018650 34.546348 0.237417
0.018660 34.537647 0.280266
0.018750 34.561669 0.217954
0.018750 34.613133 0.301996
0.019050 34.483536 0.297493
0.019470 34.837014 0.204138
0.019470 34.409811 0.203162
0.019750 34.687375 0.453327
0.019750 34.564237 0.433872
0.019760 34.632808 0.421849
0.019950 33.929922 0.299759
0.020010 34.708935 0.204941
0.020060 34.875863 0.192372
0.020190 34.895728 0.233915
0.020190 34.738476 0.188762
0.020230 34.614222 0.181694
0.020230 34.910832 0.305464
0.020230 34.650724 0.191822
0.020230 34.575072 0.181518
0.020240 34.896605 0.183253
0.020340 34.748871 0.242390
0.020340 34.709860 0.364331
0.020350 35.044555 0.189255
0.020350 34.821388 0.174966
0.020350 34.780761 0.189770
0.020440 34.583132 0.211142
0.020490 34.500532 0.382291
0.020520 34.639470 0.326658
0.020560 34.981764 0.216195
0.020560 35.157405 0.253212
0.020810 34.769291 0.337745
0.020820 34.812035 0.230213
0.020820 34.573501 0.253702
0.020900 34.785720 0.294970
0.020960 34.764852 0.207069
0.021060 34.765207 0.232458
0.021160 34.945879 0.199057
0.021160 34.821731 0.195408
0.021180 34.713365 0.325543
0.021180 34.996427 0.309824
0.021310 34.869486 0.183919
0.021310 34.881693 0.177595
0.021310 34.962493 0.185609
0.021340 34.850270 0.341490
0.021370 34.313371 0.198957
0.021510 34.968647 0.194813
0.021530 34.900752 0.380097
0.021700 34.859463 0.194360
0.021830 34.968550 0.296509
0.021830 34.776113 0.245888
0.021970 34.908718 0.245551
0.021980 35.001530 0.216316
0.022030 34.861275 0.243970
0.022050 34.743421 0.194120
0.022070 34.961765 0.193678
0.022150 34.838629 0.281087
0.022190 34.868538 0.214642
0.022280 34.989837 0.182161
0.022280 34.764744 0.250354
0.022310 34.954257 0.175765
0.022340 34.931714 0.200222
0.022340 34.990315 0.212218
0.022360 35.014219 0.221814
0.022390 34.896908 0.301797
0.022390 34.912869 0.250944
0.022400 34.985275 0.285601
0.022400 35.005490 0.252670
0.022410 35.015899 0.211460
0.022550 35.177700 0.245861
0.022660 34.912998 0.221126
0.022700 34.970864 0.202684
0.022730 34.835501 0.353748
0.022950 34.931368 0.303243
0.022950 35.180843 0.209013
0.022980 35.018322 0.270419
0.022980 34.972386 0.235190
0.023030 35.023987 0.193292
0.023070 34.948127 0.337595
0.023130 35.022380 0.276121
0.023160 35.005282 0.278223
0.023210 35.039510 0.180895
0.023250 35.032287 0.230683
0.023310 35.259293 0.264746
0.023310 36.702932 0.280218
0.023420 35.079436 0.288141
0.023420 35.115023 0.212377
0.023420 35.051770 0.226254
0.023430 35.152802 0.260556
0.023430 35.091254 0.171006
0.023440 34.857561 0.258333
0.023520 35.075103 0.220489
0.023540 35.024368 0.216301
0.023570 35.063829 0.201833
0.023570 35.154302 0.263580
0.023570 35.086463 0.258979
0.023650 35.181480 0.274572
0.023690 35.038914 0.212993
0.023880 34.914712 0.182105
0.023900 35.051939 0.424210
0.023900 35.008419 0.277873
0.023910 34.929753 0.194783
0.024010 35.122333 0.200255
0.024110 35.104937 0.307945
0.024110 34.134633 0.407183
0.024120 35.016344 0.221983
0.024170 35.070892 0.208046
0.024170 35.142738 0.181083
0.024280 35.097589 0.235274
0.024290 35.131272 0.190639
0.024320 35.093467 0.187272
0.024320 35.077778 0.193718
0.024320 35.352253 0.228220
0.024340 35.108361 0.203194
0.024530 35.044816 0.165686
0.024530 35.159573 0.212529
0.024530 34.888368 0.172791
0.024570 35.133889 0.184949
0.024620 35.061628 0.233134
0.024620 35.093802 0.231125
0.024620 35.236649 0.231116
0.024640 34.780696 0.213433
0.024640 34.914962 0.185410
0.024660 34.906746 0.312387
0.024910 35.132277 0.235480
0.024940 35.168736 0.223261
0.025090 35.197973 0.266578
0.025100 35.273286 0.288256
0.025100 35.656299 0.182818
0.025100 35.075357 0.197509
0.025100 35.345201 0.179234
0.025120 35.350318 0.190708
0.025130 35.948942 0.344632
0.025170 35.326879 0.302844
0.025170 35.225456 0.242545
0.025170 35.164603 0.205391
0.025190 35.281076 0.154626
0.025190 35.044066 0.170457
0.025210 35.173484 0.183235
0.025250 35.502021 0.245322
0.025250 35.316283 0.270489
0.025340 35.214569 0.177079
0.025340 35.229920 0.189462
0.025560 35.162954 0.236477
0.025570 35.109911 0.194979
0.025850 35.541264 0.345884
0.025910 35.211023 0.192576
0.025960 35.289500 0.210083
0.025980 35.282740 0.176234
0.025980 35.187055 0.200658
0.025980 34.706658 0.372424
0.025980 35.293704 0.179596
0.026260 35.334860 0.285872
0.026260 35.247341 0.319508
0.026320 35.114397 0.355374
0.026690 35.338599 0.174987
0.026910 35.347824 0.183690
0.026910 35.424024 0.209116
0.026950 35.186355 0.189123
0.027130 35.222005 0.196004
0.027140 35.483178 0.221741
0.027300 35.543847 0.288578
0.027310 35.412442 0.170636
0.027310 35.312092 0.235351
0.027310 35.683207 0.356706
0.027310 35.130599 0.259002
0.027360 35.428569 0.216729
0.027400 35.423125 0.363526
0.027410 35.376956 0.225795
0.027480 35.447049 0.179316
0.027480 35.432107 0.186140
0.027480 34.832173 0.176849
0.027730 35.540826 0.285801
0.028030 35.661129 0.317425
0.028050 35.901284 0.191496
0.028100 35.561162 0.218334
0.028160 35.552484 0.189819
0.028190 35.426394 0.173557
0.028200 35.390845 0.283802
0.028230 35.453895 0.163501
0.028230 35.631864 0.160716
0.028230 35.391484 0.166099
0.028330 35.775916 0.177170
0.028440 35.404700 0.156198
0.028440 35.416180 0.154646
0.028490 35.227368 0.185674
0.028490 35.472952 0.180947
0.028490 35.562027 0.179904
0.028490 35.558308 0.182375
0.028490 35.417641 0.367364
0.028570 35.414252 0.233417
0.028580 35.266040 0.250619
0.028660 35.198675 0.213143
0.028660 35.525806 0.192905
0.028730 34.420960 0.226893
0.028880 34.979003 0.655084
0.028980 35.486792 0.279170
0.029020 35.037475 0.221651
0.029130 35.535905 0.249644
0.029150 35.532372 0.182302
0.029170 35.636353 0.186301
0.029190 35.524720 0.169208
0.029380 35.435969 0.297560
0.029380 35.543924 0.220009
0.029440 34.981281 0.184379
0.029470 35.999720 0.270624
0.029490 35.659161 0.234439
0.029500 35.600097 0.283963
0.029530 35.460185 0.172967
0.029560 35.503402 0.187371
0.029690 35.565173 0.197582
0.029780 35.589740 0.190275
0.029780 35.637095 0.193742
0.029900 35.536400 0.184647
0.029960 35.467821 0.188794
0.030120 35.684976 0.192723
0.030120 35.462837 0.198816
0.030120 35.458220 0.220300
0.030230 35.841080 0.170687
0.030310 35.608692 0.212441
0.030360 35.834446 0.172870
0.030470 35.755275 0.254201
0.030590 35.008091 0.161995
0.030750 35.774900 0.351121
0.030760 35.684208 0.211159
0.030830 35.444886 0.272311
0.030860 35.644710 0.182319
0.030910 35.819679 0.160073
0.030960 35.649770 0.203978
0.031080 35.761298 0.407748
0.031080 36.018950 0.327532
0.031080 35.120861 0.381456
0.031100 35.631585 0.187357
0.031140 35.706375 0.231501
0.031140 35.654818 0.192351
0.031160 35.689509 0.173716
0.031170 35.919232 0.282905
0.031180 35.665982 0.174228
0.031200 35.756626 0.170748
0.031200 35.569270 0.149609
0.031200 36.205492 0.153095
0.031210 35.691906 0.225220
0.031210 35.693808 0.219768
0.031210 35.522321 0.211645
0.031320 35.799627 0.310448
0.031430 35.685574 0.197775
0.031430 35.872220 0.183360
0.031470 35.617151 0.267724
0.031480 35.704998 0.171291
0.031480 35.712969 0.220911
0.031620 35.724991 0.195299
0.031620 35.711585 0.175645
0.031660 35.712500 0.180292
0.031920 35.977719 0.277142
0.032010 35.616053 0.150684
0.032360 35.839722 0.196279
0.032550 35.836327 0.197766
0.032600 35.783762 0.258440
0.032600 35.775381 0.296711
0.032640 35.881765 0.196513
0.032640 35.822999 0.269025
0.032640 35.907894 0.202439
0.032720 35.523712 0.159684
0.032720 35.842776 0.165503
0.032720 35.895306 0.149156
0.032820 35.950851 0.208436
0.032890 35.769580 0.178771
0.032900 35.723085 0.147660
0.032940 35.822397 0.330354
0.032960 35.818400 0.219416
0.032960 35.808545 0.229684
0.032980 35.701705 0.163287
0.033330 36.239570 0.148647
0.033330 35.901392 0.162827
0.033350 35.829977 0.192041
0.033410 35.840387 0.156791
0.033410 35.861354 0.141317
0.033710 35.850582 0.159570
0.033730 35.859927 0.282530
0.033750 35.970282 0.243602
0.033780 35.852230 0.263450
0.033930 35.855107 0.173556
0.034030 35.900409 0.315446
0.034280 35.851312 0.215912
0.034280 35.739147 0.212328
0.034370 35.831685 0.208457
0.034410 35.777022 0.335258
0.034510 35.861461 0.362246
0.034590 35.835297 0.146985
0.034790 35.862155 0.205062
0.034910 35.873238 0.160236
0.035120 35.934628 0.170663
0.035150 35.960107 0.212678
0.035160 36.028194 0.473019
0.035160 35.832005 0.490847
0.035220 36.123924 0.332135
0.035290 35.907971 0.167798
0.035510 35.923221 0.365080
0.035680 36.130503 0.184408
0.035760 35.981708 0.219929
0.035760 36.154039 0.229703
0.035830 35.886389 0.201556
0.035850 35.766725 0.197724
0.035990 35.994309 0.186417
0.036160 36.048666 0.229286
0.036240 35.706345 0.195654
0.036350 35.998161 0.186397
0.036820 35.834516 0.160787
0.036820 36.166826 0.187234
0.036970 36.073882 0.289915
0.037020 36.512367 0.303591
0.037020 35.960102 0.310233
0.037020 36.052834 0.169388
0.037020 36.075121 0.344071
0.037050 36.110777 0.166401
0.037070 36.010862 0.170623
0.037250 36.095820 0.132595
0.037250 36.061279 0.145131
0.037300 35.967313 0.190963
0.037400 36.142585 0.162793
0.037530 35.897632 0.263188
0.037560 36.146358 0.179678
0.037560 36.283952 0.171801
0.037870 35.853630 0.207969
0.037900 36.138263 0.163656
0.037960 36.176737 0.200489
0.038180 35.795928 0.147342
0.038180 35.901696 0.154026
0.038280 36.134060 0.240281
0.038340 36.084231 0.247280
0.038470 36.153057 0.306302
0.038480 36.114294 0.146509
0.038730 36.291456 0.174669
0.038840 35.966287 0.215687
0.039020 36.356810 0.204617
0.039090 36.195960 0.217672
0.039100 36.200341 0.183360
0.040140 36.246940 0.149541
0.040350 36.575705 0.239210
0.040560 36.432145 0.141499
0.040560 36.468050 0.145743
0.040770 36.377056 0.201546
0.040890 36.292898 0.171364
0.040950 36.150629 0.293675
0.040990 36.349770 0.147171
0.041010 36.275966 0.152321
0.041670 36.487003 0.283378
0.042220 36.535575 0.202894
0.042580 36.681323 0.409190
0.042680 36.322709 0.151133
0.042680 36.481863 0.291911
0.042850 36.499395 0.175454
0.042850 36.223889 0.168279
0.042890 36.612938 0.165628
0.043060 36.649324 0.204178
0.043490 36.422325 0.168686
0.043490 36.630564 0.146724
0.043490 36.065662 0.170601
0.043690 36.504126 0.177776
0.044080 36.451534 0.182540
0.044380 36.404132 0.231923
0.044390 36.483475 0.248003
0.044400 36.692802 0.263174
0.044640 36.425121 0.282907
0.044870 36.500862 0.159046
0.045210 36.628673 0.295320
0.045450 36.674206 0.194575
0.045750 36.596008 0.173865
0.045750 36.479793 0.149287
0.045830 36.538608 0.183687
0.045900 36.379102 0.198641
0.046250 36.514525 0.218398
0.046310 36.532189 0.159978
0.046430 36.325647 0.199215
0.046560 36.562778 0.204181
0.046640 36.630103 0.202069
0.046820 36.481982 0.140540
0.046820 36.619688 0.180001
0.046910 37.096418 0.285525
0.047380 36.658890 0.225557
0.047600 36.630626 0.160058
0.047770 36.581776 0.151435
0.047770 36.680289 0.211625
0.048190 36.617406 0.168621
0.048370 36.673143 0.146768
0.048600 36.231062 0.138985
0.048650 36.646999 0.182005
0.049340 36.679810 0.208057
0.049400 37.014355 0.173318
0.049440 36.782179 0.164925
0.049850 36.741082 0.243595
0.049890 36.963044 0.185914
0.050180 36.708059 0.155296
0.050230 36.815004 0.168287
0.050320 36.717061 0.462515
0.050440 36.704038 0.200101
0.050490 36.653482 0.192243
0.050520 36.853484 0.129881
0.050660 36.765064 0.305401
0.051060 36.619850 0.171207
0.051260 36.731359 0.205729
0.051510 36.917924 0.159340
0.051940 36.839800 0.224427
0.052020 36.775849 0.202683
0.052020 36.649664 0.294325
0.052220 36.818735 0.213394
0.052620 36.917502 0.198457
0.053090 36.860093 0.157485
0.053160 36.909365 0.167985
0.053460 36.887331 0.121741
0.054680 36.822508 0.176093
0.054690 37.043538 0.146930
0.055020 36.964873 0.171677
0.055410 36.830473 0.198873
0.056140 36.949567 0.191898
0.056530 36.901512 0.183630
0.056930 37.030852 0.178633
0.057080 37.051127 0.166461
0.057280 36.999414 0.218366
0.058240 37.127817 0.141338
0.058240 37.362068 0.145195
0.058300 37.271884 0.180424
0.058860 37.408628 0.215759
0.058860 37.130715 0.245068
0.059740 36.638287 0.613518
0.060920 37.282046 0.178938
0.060990 37.180932 0.130011
0.060990 37.190468 0.153742
0.061210 37.195441 0.189445
0.061370 37.283777 0.196643
0.061370 36.816234 0.140505
0.061530 37.261389 0.182713
0.063720 37.215050 0.199819
0.063840 37.200196 0.151568
0.064460 37.298046 0.154691
0.065330 37.406462 0.153518
0.066270 37.372000 0.203525
0.066540 37.928031 0.293424
0.067110 37.380574 0.203782
0.067250 37.318968 0.200471
0.067860 37.494778 0.185955
0.068440 37.440536 0.194056
0.068860 37.426813 0.158684
0.068970 37.443633 0.171571
0.070230 37.466232 0.278474
0.070560 37.404667 0.227972
0.070560 37.168026 0.216153
0.070730 37.540874 0.181002
0.070830 37.495852 0.463247
0.070890 37.588394 0.238477
0.070900 37.561000 0.513766
0.070910 37.458297 0.229808
0.071160 37.378697 0.192223
0.071580 37.549000 0.160659
0.071670 37.537177 0.210977
0.071930 37.554551 0.179322
0.072220 37.582611 0.188193
0.072520 37.564216 0.289865
0.073930 37.715326 0.176995
0.074400 37.789412 0.223247
0.074460 37.682545 0.184498
0.075200 37.680715 0.178429
0.075200 37.678834 0.152048
0.075600 37.634295 0.280148
0.075750 37.714848 0.212517
0.075880 37.726273 0.205196
0.078450 37.959557 0.147204
0.078590 37.672133 0.144706
0.078750 37.858195 0.249204
0.078750 37.929788 0.185963
0.078950 37.556624 0.515304
0.079060 37.784570 0.239637
0.079310 38.310284 0.146519
0.079910 38.144709 0.155194
0.080090 37.798627 0.111607
0.081670 37.812944 0.220616
0.082450 37.924288 0.220369
0.082820 38.011272 0.267264
0.083090 37.856048 0.190041
0.084100 37.910791 0.219415
0.085720 37.998539 0.128295
0.087040 38.056920 0.222777
0.088700 38.443361 0.256791
0.090390 37.761657 0.223517
0.090890 38.225576 0.168048
0.092050 38.078943 0.266934
0.092930 38.267474 0.496922
0.099500 38.294237 0.194437
0.101650 38.376272 0.169221
0.102210 38.290123 0.188353
0.102460 38.174488 0.194980
0.102940 38.493300 0.185793
0.103610 38.378709 0.125204
0.103740 38.414696 0.194080
0.105070 38.428941 0.238121
0.106610 38.572180 0.195340
0.107070 38.474089 0.155906
0.107110 38.482831 0.214966
0.107130 38.885731 0.457506
0.107740 38.475105 0.173088
0.107940 38.501012 0.187480
0.109080 38.296555 0.132318
0.110010 38.502595 0.177724
0.112590 38.578111 0.162091
0.113880 38.187983 0.199236
0.116500 38.843463 0.158265
0.116530 38.709453 0.184105
0.117600 38.511517 0.249145
0.117920 38.640559 0.211712
0.118180 38.563056 0.128002
0.119010 38.837202 0.207685
0.120140 38.662186 0.209019
0.120580 38.691910 0.248566
0.120860 38.619422 0.295446
0.122070 38.646450 0.152489
0.122310 38.917399 0.227989
0.122780 38.813907 0.137641
0.123160 38.835029 0.266425
0.123570 38.840739 0.156776
0.123770 38.792622 0.339388
0.123830 38.823050 0.149419
0.123930 38.864781 0.140643
0.124050 38.828250 0.214047
0.124720 38.807563 0.124349
0.125600 38.713339 0.283891
0.126230 39.378432 0.283776
0.127060 38.902911 0.260614
0.127100 39.311206 0.281385
0.127200 38.705156 0.159228
0.127320 38.787072 0.175145
0.129200 39.069747 0.151728
0.129210 38.881076 0.216651
0.129500 39.174770 0.250071
0.129580 38.880997 0.147019
0.131690 38.747755 0.129855
0.132810 39.019104 0.121696
0.133660 39.031822 0.277814
0.133720 38.943224 0.153263
0.134770 38.652350 0.201124
0.135350 38.986663 0.312768
0.136140 39.095457 0.208070
0.136580 38.769540 0.198550
0.137000 38.949878 0.231812
0.137130 39.070915 0.249945
0.137450 39.362770 0.224577
0.138220 39.143840 0.130419
0.138260 39.117547 0.158650
0.138400 39.042555 0.121253
0.138510 39.041755 0.328090
0.138750 39.051181 0.178437
0.138800 39.032629 0.130529
0.139550 39.226553 0.147615
0.140820 39.101058 0.193689
0.141040 38.968201 0.199323
0.141230 39.131388 0.217365
0.141340 39.118694 0.271566
0.143250 39.267829 0.165878
0.143450 38.919491 0.369896
0.143590 39.203480 0.131002
0.144040 39.195711 0.170496
0.144230 38.908509 0.235233
0.145420 39.182531 0.208617
0.146380 39.214077 0.210377
0.146520 39.220706 0.190441
0.147370 39.134094 0.192281
0.147470 39.382594 0.176294
0.147710 39.336350 0.183530
0.147780 39.192184 0.168379
0.148030 39.232146 0.185383
0.148060 39.074478 0.155996
0.148340 39.474158 0.141174
0.148980 39.205534 0.177888
0.149400 39.292319 0.172417
0.150500 39.274263 0.171904
0.150840 39.274723 0.135230
0.151950 39.108444 0.158020
0.152910 39.324601 0.177193
0.153180 39.233574 0.128894
0.153360 39.389698 0.166086
0.153410 39.289422 0.177890
0.153570 39.266438 0.183201
0.155110 39.402891 0.170722
0.155260 39.318968 0.159215
0.155360 39.312338 0.171977
0.156010 39.694220 0.184252
0.156710 39.230079 0.202048
0.158560 39.911238 0.163265
0.159210 39.394097 0.287209
0.159310 39.565806 0.141200
0.159480 39.733587 0.149225
0.160040 39.160016 0.269536
0.160080 39.562812 0.165974
0.160530 39.195257 0.218621
0.160610 39.420509 0.270995
0.160770 39.515423 0.212207
0.161220 39.462746 0.246302
0.162360 39.524678 0.220532
0.163750 39.356214 0.199965
0.164480 39.640068 0.209182
0.164710 39.357600 0.141124
0.164950 39.515094 0.150144
0.166030 39.481152 0.250879
0.166060 39.667812 0.189609
0.168280 39.354305 0.161869
0.169240 39.541625 0.180168
0.169710 39.520169 0.270963
0.170420 39.520285 0.130264
0.171240 39.610465 0.284310
0.171690 39.622482 0.219052
0.172560 39.631607 0.169646
0.172700 39.631793 0.151427
0.172970 39.759882 0.256121
0.173310 39.401823 0.134354
0.173740 39.651635 0.185048
0.173780 39.303282 0.149091
0.173920 39.614028 0.324003
0.174170 39.651114 0.140889
0.174200 39.875437 0.151991
0.174380 39.578649 0.184046
0.174430 39.559401 0.230278
0.174440 39.624223 0.161966
0.174980 39.594057 0.189065
0.176660 39.794927 0.134780
0.177130 39.531050 0.173842
0.177370 39.665018 0.141681
0.177860 39.474060 0.262210
0.177910 39.662427 0.128701
0.178520 39.351335 0.206097
0.179010 39.725917 0.158364
0.179110 39.650128 0.206003
0.179310 39.556367 0.225530
0.179520 39.656384 0.284580
0.179730 39.967624 0.173308
0.179750 39.783242 0.215355
0.180040 39.971737 0.257647
0.180500 39.926146 0.139691
0.180730 40.014528 0.133264
0.180780 39.716510 0.182583
0.180820 39.656706 0.132579
0.180860 39.666445 0.262073
0.180920 39.804268 0.213464
0.181260 39.797521 0.228851
0.181360 40.001758 0.137551
0.181450 39.662983 0.235235
0.182170 39.663699 0.192222
0.182290 39.809350 0.148299
0.182310 39.779408 0.152435
0.182520 39.778438 0.180889
0.183600 39.751564 0.299848
0.183750 39.795491 0.157566
0.183890 39.753103 0.199869
0.184020 39.753468 0.214447
0.184580 39.659513 0.277070
0.184590 39.752944 0.145664
0.184840 39.665052 0.275379
0.184930 39.675598 0.135405
0.185060 39.773511 0.155771
0.185150 39.699519 0.156969
0.185220 39.736979 0.174769
0.185270 39.767295 0.135214
0.186670 39.823432 0.148643
0.187280 39.744540 0.135355
0.188090 39.836679 0.196186
0.189060 39.260461 0.155698
0.189080 39.818550 0.247339
0.189290 39.872504 0.224854
0.189290 40.163810 0.194260
0.189480 39.871810 0.207083
0.189520 39.811632 0.241816
0.189950 39.975229 0.230055
0.190250 39.863745 0.160711
0.190420 39.777786 0.295660
0.190440 39.811372 0.158435
0.194130 39.869208 0.225310
0.194340 39.898824 0.225073
0.195460 40.024089 0.399671
0.195530 40.020031 0.157128
0.195570 39.877476 0.191379
0.195680 39.852226 0.209870
0.196160 39.981034 0.124946
0.196210 39.724948 0.156441
0.196270 39.932512 0.245939
0.196350 39.887287 0.298185
0.197330 40.045030 0.135118
0.197410 39.451622 0.130341
0.197820 39.774604 0.192626
0.198170 40.096164 0.183925
0.198280 40.021911 0.177437
0.198610 39.737045 0.239307
0.198770 39.867656 0.201376
0.198780 40.022377 0.165311
0.199080 39.870691 0.210145
0.199530 39.953491 0.247958
0.199610 39.411382 0.244696
0.199700 39.915671 0.164481
0.200770 39.714767 0.197943
0.200830 39.964135 0.253904
0.200870 40.318014 0.322104
0.201280 39.836153 0.212461
0.202310 39.956727 0.202523
0.202490 39.956705 0.162103
0.202790 40.255553 0.190013
0.203200 40.073334 0.151982
0.203290 39.985441 0.159291
0.203310 39.976681 0.175684
0.203340 40.116813 0.211548
0.203820 39.896972 0.169350
0.204690 39.969841 0.161671
0.204830 40.273306 0.202366
0.205230 40.041594 0.223236
0.205620 39.619009 0.180044
0.206910 40.160551 0.278860
0.207480 40.068505 0.351538
0.207510 40.091376 0.144818
0.208400 40.319739 0.271873
0.208560 39.990119 0.153512
0.208680 40.005213 0.239060
0.208700 40.093425 0.203710
0.208790 40.052444 0.168672
0.209480 40.490216 0.260726
0.210150 39.952883 0.152075
0.210370 39.349619 0.182375
0.210840 39.897413 0.227350
0.210950 39.969405 0.162502
0.211140 40.274127 0.162475
0.211340 40.118584 0.262971
0.211740 39.736228 0.230764
0.212000 40.069644 0.197303
0.212250 40.202025 0.243032
0.213500 40.050049 0.169752
0.213650 39.955399 0.193513
0.213980 39.890927 0.186968
0.214400 40.060430 0.297774
0.215070 40.085165 0.471700
0.215210 40.343537 0.231739
0.215780 40.338351 0.261037
0.216500 39.890311 0.139768
0.216890 40.119459 0.185887
0.216920 40.114690 0.181355
0.217420 40.146340 0.274757
0.217940 40.175452 0.176896
0.218450 40.162194 0.207167
0.218810 40.157025 0.239721
0.218970 40.184691 0.242159
0.218980 40.061998 0.225204
0.218990 40.256920 0.128215
0.219410 40.145742 0.213892
0.219500 40.269754 0.160319
0.219720 40.182524 0.124479
0.219780 40.325495 0.173661
0.219900 40.148659 0.227831
0.220170 39.866341 0.236213
0.220660 40.188488 0.223641
0.220830 40.068801 0.266383
0.221320 40.040946 0.144363
0.221320 40.286077 0.201488
0.221500 40.206519 0.160538
0.222990 40.281327 0.284443
0.223490 40.084277 0.162605
0.223850 40.245385 0.179835
0.224490 40.300485 0.195762
0.224490 40.207252 0.253651
0.224930 40.150722 0.161903
0.225420 40.458018 0.177658
0.225430 40.232507 0.190852
0.225510 40.327323 0.197172
0.225780 40.472960 0.178241
0.226450 39.985560 0.202071
0.227260 39.995718 0.229903
0.228180 40.238681 0.176131
0.228650 40.399968 0.309206
0.229280 40.307489 0.203125
0.229780 40.350707 0.190456
0.230200 40.178874 0.228504
0.230410 40.308960 0.270030
0.230820 40.662427 0.304743
0.230860 40.314819 0.205822
0.230920 40.313453 0.228521
0.231250 40.299645 0.194100
0.231620 40.371083 0.224043
0.231640 40.348664 0.231114
0.232050 40.302823 0.160126
0.232820 40.129899 0.188103
0.233670 40.453213 0.260496
0.233780 40.434575 0.198895
0.233910 40.195434 0.293604
0.233950 40.563582 0.210707
0.234720 40.189910 0.316169
0.234810 40.434036 0.170795
0.234940 40.269067 0.177074
0.235200 40.655972 0.270484
0.235560 40.392497 0.210969
0.236390 40.311348 0.154122
0.236620 40.305387 0.158972
0.236640 40.515490 0.196093
0.236850 40.528324 0.230794
0.236930 40.323896 0.201775
0.237210 40.417582 0.205321
0.237460 40.070096 0.308293
0.237890 40.343795 0.175478
0.239500 40.044437 0.208855
0.239810 40.290516 0.180647
0.240200 40.379383 0.258532
0.240850 40.405253 0.166732
0.241220 40.365774 0.128102
0.241510 40.150742 0.186204
0.241640 40.313804 0.268312
0.242200 40.548096 0.218878
0.242800 40.462931 0.223250
0.242840 40.732991 0.266337
0.243290 40.494686 0.140262
0.243540 40.317987 0.306548
0.244100 40.567577 0.238375
0.244440 40.043317 0.217828
0.244590 40.311291 0.179394
0.245110 40.370363 0.208992
0.245230 40.501964 0.183751
0.245530 40.450864 0.217611
0.245850 40.434335 0.165863
0.246170 40.359759 0.142409
0.246500 40.439163 0.170431
0.246560 40.669357 0.217915
0.246600 40.517885 0.155028
0.247110 40.540870 0.137767
0.248460 40.276248 0.176195
0.248600 40.488685 0.217216
0.248610 40.423361 0.200433
0.248620 40.355868 0.266357
0.248650 40.671142 0.172246
0.248960 40.420402 0.177878
0.249090 40.565552 0.156981
0.249720 40.262254 0.213158
0.249830 40.765093 0.205973
0.249860 40.476185 0.161346
0.250190 40.682109 0.222572
0.250220 40.611665 0.221335
0.250430 40.465252 0.174847
0.250510 40.512657 0.188248
0.250630 40.214690 0.189665
0.250900 40.374664 0.196554
0.251990 40.465314 0.217478
0.252600 40.509998 0.168318
0.252600 40.792329 0.261610
0.253300 40.750792 0.155320
0.253580 40.346240 0.253799
0.254070 40.457439 0.166782
0.256160 40.525984 0.192959
0.256200 40.581798 0.268756
0.256370 40.317682 0.205873
0.256830 40.608292 0.244580
0.257310 40.580756 0.250939
0.257360 40.671702 0.199593
0.257720 40.623661 0.227664
0.258130 40.582457 0.230078
0.258590 40.651418 0.203487
0.258650 40.566246 0.150147
0.259040 40.514728 0.162775
0.259190 40.707105 0.174494
0.259230 40.377620 0.161784
0.259480 40.573878 0.224762
0.259520 40.703887 0.173986
0.260620 40.592650 0.169621
0.260940 40.612145 0.191249
0.261410 40.473430 0.200396
0.261620 40.567130 0.223254
0.261720 40.592000 0.258954
0.261730 40.672878 0.235101
0.261750 40.548654 0.223114
0.261840 40.592606 0.248224
0.262000 40.773528 0.212038
0.263030 39.848613 0.518987
0.263230 40.636771 0.168521
0.263600 40.825000 0.178561
0.263930 40.880812 0.166387
0.263970 40.656557 0.202334
0.264080 40.631123 0.385559
0.264190 40.655830 0.231915
0.264600 40.642181 0.198688
0.264630 40.640187 0.262731
0.265820 40.643414 0.217245
0.265830 40.037900 0.203059
0.266400 41.508909 0.260858
0.267000 40.557567 0.207466
0.267910 40.481520 0.203650
0.268180 40.623858 0.228686
0.268590 40.618759 0.180576
0.268600 40.469930 0.238942
0.268870 40.618559 0.215987
0.270200 40.652464 0.205489
0.270210 40.769599 0.162930
0.270570 40.628597 0.212944
0.270940 40.704197 0.161946
0.271410 40.664412 0.122317
0.272760 40.641016 0.170429
0.273510 40.583278 0.203076
0.274560 40.732854 0.288142
0.275090 40.733765 0.237168
0.275160 40.580493 0.236526
0.275850 40.863498 0.215584
0.276310 40.801291 0.179257
0.276680 40.704818 0.272760
0.277760 40.602369 0.242943
0.277820 40.914360 0.174446
0.279350 40.910941 0.163269
0.279900 40.588473 0.201714
0.279950 40.801479 0.155893
0.280600 40.854955 0.158945
0.281320 40.824348 0.176116
0.282070 40.664524 0.163656
0.282660 40.795689 0.286244
0.283440 41.121201 0.181337
0.284050 40.936746 0.157747
0.284460 40.920922 0.181141
0.284460 40.808217 0.201558
0.284780 41.258590 0.352655
0.285570 40.762999 0.193620
0.285880 41.012723 0.179969
0.286650 41.004465 0.219317
0.287340 40.292417 0.253528
0.287580 40.685079 0.239579
0.287750 40.808427 0.227801
0.288140 40.739766 0.185870
0.288440 40.971514 0.135147
0.288540 40.697969 0.157308
0.288940 40.907092 0.225745
0.289010 41.047970 0.229964
0.289050 40.995274 0.167793
0.289070 40.904317 0.277569
0.289490 40.990239 0.256830
0.289950 40.760905 0.273965
0.290080 40.986709 0.227002
0.290450 41.028975 0.239525
0.291230 40.874410 0.215165
0.291930 40.842573 0.171221
0.291960 40.768298 0.179470
0.292150 40.839061 0.484989
0.292210 40.738774 0.299460
0.292510 40.800783 0.226778
0.292560 40.923472 0.220142
0.292930 41.115129 0.174330
0.292980 40.880751 0.207975
0.293650 40.890551 0.201865
0.295040 40.905163 0.176090
0.295800 40.915332 0.308910
0.295870 40.899089 0.169036
0.296470 40.824037 0.367127
0.296920 41.098373 0.197709
0.296950 40.809883 0.213613
0.298530 41.052921 0.222329
0.298550 41.699173 0.278241
0.298930 40.967007 0.254222
0.299330 40.929121 0.334656
0.299450 41.018378 0.186227
0.299470 41.374094 0.190341
0.300200 40.929545 0.208995
0.300300 40.966350 0.241587
0.300890 40.939535 0.289958
0.301420 40.983765 0.189724
0.301520 41.085624 0.202778
0.302510 40.946897 0.224805
0.303040 41.148476 0.277662
0.303520 40.949300 0.142107
0.303650 40.884602 0.199897
0.304040 40.889473 0.221091
0.304060 41.478858 0.183673
0.304760 40.955948 0.244739
0.304860 41.018266 0.141680
0.305260 40.658645 0.301961
0.305380 41.017768 0.134809
0.305480 41.009642 0.224498
0.305810 41.073525 0.160185
0.306520 41.051837 0.200368
0.306810 41.112681 0.231948
0.306910 41.045117 0.154653
0.308180 40.875993 0.135938
0.308340 41.085134 0.248425
0.308780 41.031165 0.152449
0.309220 40.987611 0.252930
0.309380 41.070232 0.271718
0.309490 41.003493 0.306845
0.309620 41.512115 0.265250
0.310520 41.109165 0.324683
0.310610 41.073159 0.230448
0.310880 41.042802 0.185549
0.311440 41.066684 0.142718
0.311790 41.048131 0.209290
0.312030 41.079155 0.159977
0.312620 41.052068 0.149309
0.312670 41.084413 0.276412
0.312700 40.177003 0.207114
0.312960 40.998543 0.201224
0.313030 41.197614 0.173308
0.313870 40.989989 0.213138
0.314530 41.045644 0.156798
0.315060 41.066472 0.221937
0.315200 41.322993 0.212134
0.315880 41.058410 0.223013
0.315930 41.268933 0.230692
0.316230 41.225780 0.277433
0.317820 41.121961 0.195437
0.318040 41.070995 0.168508
0.318220 41.134267 0.159027
0.318500 41.102783 0.329043
0.319010 41.086752 0.173299
0.319010 41.038467 0.208024
0.320960 41.203178 0.202294
0.321040 41.047606 0.157864
0.321180 41.250183 0.298602
0.322060 41.247892 0.194952
0.322230 41.101982 0.158478
0.322230 41.485794 0.138197
0.322760 41.283652 0.199586
0.324460 41.054325 0.123861
0.325480 41.136562 0.188022
0.325600 41.273371 0.258968
0.325800 41.150395 0.272371
0.325810 41.170718 0.141286
0.326320 41.238993 0.154122
0.328040 41.217678 0.163687
0.328420 41.187122 0.301481
0.328480 41.455756 0.276586
0.328510 41.250622 0.298680
0.328680 41.082354 0.147317
0.328680 41.110118 0.140117
0.328710 41.325944 0.211763
0.329070 41.071642 0.170708
0.329410 41.037725 0.305188
0.329520 41.231776 0.159656
0.329680 41.142001 0.114130
0.329950 40.869708 0.210536
0.330470 41.225532 0.127841
0.330560 41.199179 0.211533
0.330630 41.136627 0.232621
0.330890 41.226411 0.229537
0.330900 41.157277 0.219490
0.331030 40.910983 0.136142
0.331470 41.229992 0.207089
0.331470 41.230693 0.289226
0.331470 41.154677 0.165629
0.331890 41.401542 0.145641
0.332370 41.040596 0.157985
0.332980 41.356641 0.196154
0.333500 41.562218 0.139408
0.333500 40.778832 0.177245
0.334500 41.195231 0.231116
0.334980 41.277951 0.175442
0.335100 41.533335 0.184170
0.336710 41.054399 0.183865
0.337490 41.333676 0.283362
0.337510 41.171161 0.240156
0.337620 41.417736 0.179646
0.337780 41.269902 0.237566
0.338180 41.441664 0.214944
0.338480 41.472845 0.205613
0.338970 41.126709 0.369892
0.340610 41.403707 0.196144
0.340980 41.522325 0.190036
0.341110 41.261122 0.254667
0.341690 41.276683 0.328313
0.344460 41.304056 0.150236
0.344480 41.296471 0.297707
0.344870 41.433899 0.170905
0.345450 41.232190 0.227821
0.346020 41.294952 0.138312
0.346960 41.364196 0.376521
0.347170 41.316148 0.239547
0.348810 41.322155 0.225136
0.349100 41.480166 0.155488
0.349120 41.345779 0.201768
0.349320 40.982372 0.153276
0.349390 41.424862 0.167909
0.349490 40.914032 0.224716
0.349490 41.422976 0.176340
0.349490 41.339351 0.207537
0.349680 41.219000 0.288008
0.350150 41.195553 0.145506
0.350590 41.491799 0.167719
0.350990 41.397607 0.159833
0.351490 41.223163 0.210949
0.351490 41.333332 0.137184
0.353720 41.342567 0.182277
0.355190 41.321901 0.224009
0.357740 41.403495 0.291926
0.358000 41.487144 0.215417
0.358420 41.379851 0.213651
0.358500 41.122297 0.300740
0.359090 41.459850 0.313448
0.359090 41.422710 0.178082
0.359460 41.402469 0.157618
0.360170 41.368891 0.193578
0.360340 41.261819 0.232970
0.360910 41.433976 0.194919
0.361470 41.463023 0.304550
0.362800 41.601356 0.205530
0.363250 41.429804 0.207930
0.364990 41.455750 0.291770
0.366230 41.016294 0.221488
0.366560 41.687774 0.160643
0.367130 41.256926 0.152879
0.367900 41.310687 0.168670
0.367990 41.469756 0.156472
0.368390 41.510978 0.339535
0.368570 41.454032 0.349661
0.369620 41.507914 0.243138
0.369870 41.760766 0.250861
0.370230 41.364820 0.189762
0.370520 41.367817 0.159739
0.370530 41.597253 0.162094
0.370570 41.340587 0.256150
0.370620 41.744167 0.288004
0.370620 41.798040 0.132499
0.370950 41.495233 0.383208
0.371380 41.563308 0.167593
0.371530 41.390471 0.121107
0.371530 41.553791 0.167770
0.373530 41.126833 0.133016
0.374360 41.450270 0.232679
0.376760 41.552110 0.157942
0.378050 41.403968 0.227600
0.378520 41.564719 0.184517
0.379910 41.630928 0.229492
0.379970 41.993094 0.166851
0.380610 41.465573 0.183271
0.380920 41.679792 0.198080
0.381290 41.538428 0.200177
0.381530 41.403896 0.209931
0.381850 41.558916 0.193122
0.382480 41.189709 0.263151
0.382910 41.712440 0.204252
0.384020 41.635849 0.197494
0.386000 41.531780 0.156193
0.386720 41.610886 0.268177
0.387440 41.715783 0.278205
0.387810 41.593814 0.283895
0.388950 41.734712 0.196385
0.389490 41.493392 0.188632
0.392550 41.621045 0.242747
0.395100 41.823298 0.200748
0.397060 42.259264 0.174745
0.399440 41.735772 0.288846
0.400500 41.592223 0.157507
0.402210 41.839505 0.198979
0.402930 41.583730 0.290894
0.403680 41.702126 0.202756
0.404630 41.803419 0.162773
0.404830 40.870155 0.204784
0.405500 41.690719 0.143506
0.406460 41.698740 0.167717
0.408950 41.761923 0.233821
0.409200 41.718649 0.355311
0.409350 41.739947 0.274813
0.409490 41.689082 0.170342
0.410040 41.721835 0.284813
0.411230 41.811969 0.318433
0.411400 41.731007 0.240499
0.411610 41.706111 0.143870
0.412660 41.772833 0.327322
0.416570 41.697596 0.146713
0.418570 42.010041 0.214987
0.419360 41.799174 0.187618
0.419390 41.932050 0.224945
0.419600 41.901056 0.220309
0.419650 41.804750 0.230500
0.419950 41.834165 0.295866
0.420360 41.805294 0.340420
0.420880 41.569549 0.181699
0.420940 41.818035 0.256577
0.421950 41.450074 0.265310
0.422470 41.937878 0.238032
0.422490 41.824145 0.266851
0.423480 41.764452 0.188088
0.423600 41.835132 0.402599
0.423990 41.922273 0.131072
0.424590 41.972040 0.200301
0.425680 42.156877 0.196695
0.426020 41.813663 0.171537
0.427000 41.835088 0.230240
0.427030 41.855291 0.198944
0.427930 41.855992 0.248336
0.428590 41.877978 0.415124
0.428950 42.083972 0.200868
0.429030 41.877059 0.245437
0.429760 41.934645 0.203266
0.430200 41.870775 0.166026
0.434940 41.899870 0.182387
0.435460 42.085286 0.133486
0.436830 41.886524 0.179483
0.437600 41.896468 0.163576
0.437830 41.909046 0.370774
0.438900 41.862255 0.214105
0.438910 41.667400 0.273431
0.439350 41.918211 0.198972
0.440130 42.082265 0.423249
0.440670 42.148873 0.156165
0.441490 42.224110 0.188364
0.442450 42.116385 0.171873
0.442630 41.971535 0.140864
0.443610 42.261770 0.181073
0.443910 41.945528 0.294350
0.447640 41.917147 0.213984
0.448860 41.931891 0.215450
0.448910 42.003742 0.218098
0.450680 41.953934 0.156739
0.451060 42.015091 0.216220
0.451620 41.555903 0.224730
0.451620 41.994432 0.158701
0.451630 41.901389 0.294427
0.452180 41.994622 0.334496
0.453280 41.977585 0.207212
0.453460 41.746748 0.143200
0.454580 42.149981 0.204897
0.454770 41.974047 0.293335
0.458850 41.984427 0.244437
0.460640 41.964261 0.192351
0.461040 42.052145 0.232316
0.461640 42.137931 0.138900
0.466430 42.456205 0.385589
0.466540 42.075161 0.137215
0.468420 42.105215 0.212235
0.468870 41.785324 0.235843
0.470420 42.201698 0.401092
0.470650 42.126245 0.174732
0.471630 42.043447 0.217417
0.472040 42.206564 0.252297
0.475650 42.083610 0.177052
0.477860 42.193264 0.233275
0.479410 42.323390 0.206912
0.479460 42.035133 0.200255
0.479880 42.638271 0.236159
0.480640 41.956346 0.162764
0.480650 42.296527 0.141921
0.481640 42.167381 0.204035
0.488880 42.256140 0.192838
0.492440 42.199124 0.323114
0.494990 42.046752 0.164020
0.495660 42.274742 0.123200
0.495790 42.195129 0.158460
0.497390 42.176093 0.227526
0.500670 42.306841 0.249324
0.500980 42.395113 0.282314
0.502820 42.025783 0.221787
0.502850 42.221674 0.325855
0.503060 42.138682 0.303074
0.503160 42.124863 0.221704
0.505930 42.197139 0.165726
0.506150 42.188332 0.146811
0.507250 42.267427 0.175964
0.507390 42.304481 0.285789
0.508250 42.243362 0.185750
0.510160 42.475551 0.141691
0.510950 42.175212 0.232236
0.511690 42.365455 0.226704
0.513870 42.231632 0.355302
0.514370 42.377510 0.198074
0.514690 42.332349 0.410465
0.517260 42.551745 0.186653
0.518830 42.626147 0.247347
0.518850 42.145461 0.215460
0.519410 42.134711 0.310309
0.519680 42.250906 0.190499
0.522710 42.346643 0.278949
0.524000 42.319611 0.365033
0.526200 42.278126 0.224268
0.528590 42.007586 0.181781
0.529370 42.244800 0.138646
0.530990 42.167157 0.238105
0.531110 42.320887 0.286833
0.531240 42.384621 0.375880
0.532250 42.472162 0.218453
0.532710 42.500652 0.284716
0.533720 42.394647 0.265291
0.534350 42.934642 0.214545
0.535340 42.612674 0.204775
0.535720 42.314984 0.203171
0.539420 42.520630 0.246601
0.540970 42.422627 0.236271
0.541520 42.434396 0.247462
0.545450 42.382789 0.186174
0.548340 42.969988 0.363737
0.548810 42.372948 0.373046
0.550210 42.508845 0.194657
0.550330 42.767207 0.211762
0.550460 42.456403 0.379302
0.552670 42.502602 0.247608
0.553750 42.551300 0.209940
0.553840 42.436850 0.171019
0.557820 42.569665 0.198730
0.558820 42.648998 0.381262
0.558820 42.674000 0.349675
0.561810 42.718854 0.230142
0.562690 42.617284 0.265545
0.562830 42.720241 0.239881
0.564370 42.368656 0.220860
0.564370 42.648600 0.209657
0.564370 42.788543 0.293730
0.564810 42.586815 0.193170
0.568790 42.968077 0.259226
0.575420 42.620074 0.461762
0.575770 42.658431 0.216770
0.576190 42.360889 0.200332
0.576680 42.733270 0.168503
0.577370 42.659703 0.304787
0.578300 42.814995 0.247404
0.578310 42.727483 0.235512
0.578820 42.721872 0.213007
0.578910 42.542408 0.225687
0.579670 42.653338 0.230705
0.580670 42.715271 0.250838
0.580800 42.520993 0.228290
0.583010 42.568541 0.169687
0.583300 42.519171 0.185765
0.583820 42.834358 0.188968
0.583820 42.692759 0.180467
0.583900 42.494891 0.197361
0.585820 42.723294 0.353794
0.587300 42.743427 0.202109
0.588790 42.712009 0.218947
0.590290 42.807456 0.246877
0.591790 42.400967 0.254821
0.600670 42.830384 0.276492
0.601550 42.746160 0.399357
0.603280 42.751554 0.206676
0.606260 42.712929 0.275971
0.608270 42.403586 0.227028
0.608760 43.143701 0.360398
0.608780 42.598848 0.239051
0.609810 43.021836 0.306164
0.610710 42.643968 0.182221
0.611270 42.760788 0.244523
0.611770 42.818991 0.164233
0.615770 42.741144 0.349115
0.618750 42.872387 0.379251
0.619410 42.851597 0.274943
0.619830 42.741569 0.149923
0.620700 42.781188 0.274682
0.621830 42.817658 0.283015
0.625250 42.959460 0.218848
0.627250 42.460073 0.248729
0.630770 42.742457 0.201072
0.631830 42.644611 0.318999
0.632250 42.851740 0.315797
0.633990 42.870871 0.139303
0.637770 42.683571 0.431613
0.637940 42.941675 0.302613
0.638240 42.962664 0.365292
0.638730 42.841132 0.255687
0.639340 42.909819 0.171430
0.641850 42.852988 0.249394
0.643110 43.116857 0.415192
0.643710 42.936652 0.311717
0.643710 42.802531 0.314514
0.647700 43.039601 0.296803
0.648520 42.705736 0.274209
0.648700 42.803491 0.303024
0.649620 42.929579 0.148350
0.662130 42.991022 0.290435
0.664700 42.772915 0.239738
0.670720 43.028681 0.270588
0.677730 43.132117 0.316598
0.681900 42.705767 0.242030
0.683720 43.142506 0.385521
0.685190 43.236645 0.354223
0.688720 42.980638 0.233215
0.689350 43.422075 0.159657
0.689360 43.044888 0.256896
0.690720 43.300970 0.426747
0.693180 43.023064 0.321719
0.697180 43.167359 0.212762
0.698180 43.108715 0.342053
0.699180 43.167600 0.332223
0.699180 43.251730 0.216363
0.699320 43.058133 0.149835
0.699920 43.137031 0.300536
0.700700 43.308047 0.213672
0.701170 43.165007 0.260027
0.701920 43.562091 0.468110
0.701920 43.075181 0.250229
0.715710 43.089829 0.251712
0.718740 43.234971 0.193370
0.719680 43.161920 0.202821
0.719690 43.657309 0.354745
0.720150 43.267611 0.248868
0.720740 43.333813 0.299456
0.726740 43.389720 0.248950
0.727740 43.300982 0.270772
0.728660 43.340423 0.289529
0.730140 43.121552 0.312616
0.731610 43.180549 0.195500
0.733680 42.919751 0.202238
0.733950 43.281265 0.404235
0.734950 43.250110 0.233002
0.735680 43.315388 0.257033
0.735960 43.293595 0.425802
0.736750 43.282365 0.217498
0.741960 43.249119 0.326528
0.742760 43.506785 0.334597
0.745730 43.043016 0.193435
0.746070 43.725743 0.256167
0.749110 43.760353 0.259422
0.749300 43.235385 0.167040
0.750740 42.561234 0.313005
0.758990 43.537619 0.225603
0.760760 43.347634 0.194176
0.761100 43.049499 0.237241
0.761650 43.470571 0.230478
0.765660 43.557130 0.228033
0.766660 43.425999 0.249509
0.766740 43.362510 0.274234
0.767090 43.363760 0.259318
0.768650 43.569175 0.314870
0.769320 43.849634 0.157171
0.773090 43.420423 0.291150
0.779290 43.424251 0.308370
0.788070 43.359288 0.233026
0.789070 43.496633 0.271606
0.789280 43.379658 0.158029
0.796620 43.597869 0.367234
0.798630 43.511464 0.294695
0.839810 44.290009 0.212102
0.839810 43.535252 0.394942
0.854820 43.548538 0.289547
0.935850 43.887651 0.241016
0.974230 43.946339 0.206505
1.012420 44.172085 0.363336
1.019880 44.218927 0.229800
1.020880 44.019400 0.475552
1.027890 44.128367 0.351120
1.048170 44.249681 0.485989
1.120920 44.393985 0.230271
1.232250 44.290338 0.604575
1.235970 44.704092 0.273432
1.299110 44.815940 0.277767
1.304100 44.768483 0.309863
1.306110 44.867424 0.463507
1.313170 44.774273 0.325416
1.329100 44.866743 0.244495
1.341010 44.788665 0.286240
1.351360 45.863845 0.314292
1.356080 44.931272 0.238742
1.391030 45.155587 0.385232
1.416330 45.401979 0.735362
1.542900 45.100686 0.381704
1.549010 45.294857 0.224474
1.615050 45.823403 0.336913
1.697060 45.566326 0.376177
1.801190 45.318025 0.272792
1.911650 46.234835 0.352352
2.261370 46.205986 0.269443
